0 0.49744724791666667 0.6793071861111111 0.4232947807291667 0.6234095990740741 0.4253595958333333 0.5109533537037036 0.37507444322916667 0.46488774166666663 0.2884611359375 0.4830995138888889 0.2794181765625 0.6747061842592592 0.3664683578125 0.6730716657407407 0.4952257854166667 0.7612234250000001 0.49744724791666667 0.6793071861111111
0 0.4252018229166667 0.5092152407407408 0.4254243203125 0.4885294953703704 0.42221596093749997 0.4853324953703704 0.42420175989583336 0.3959597648148148 0.42738554270833334 0.3140651324074074 0.3827599036458333 0.27377733703703705 0.29714668385416665 0.2997283203703704 0.28827056770833337 0.48302170555555557 0.3754765015625 0.46402711944444447 0.4252018229166667 0.5092152407407408
1 0.27914147447916665 0.6757203296296297 0.4061530197916667 0.7580955083333334 0.4948237645833334 0.7620822287037037 0.36702147395833334 0.674283724074074 0.27914147447916665 0.6757203296296297
3 0.5063774630208333 0.6213106277777778 0.42699108645833334 0.6247711685185185 0.5411714671875 0.7102179981481481 0.6195222276041666 0.7103879129629629 0.5063774630208333 0.6213106277777778
2 0.4272981963541667 0.5806705888888889 0.4267544171875 0.6237906342592593 0.5048953984375 0.618414124074074 0.6208671130208334 0.7105464314814814 0.6217212744791667 0.6679863064814815 0.5063761359375 0.573405812037037 0.4272981963541667 0.5806705888888889
2 0.42611705 0.5340082675925926 0.42564595677083333 0.5767064046296296 0.5022187765625 0.569523525 0.6198500041666667 0.665283824074074 0.6205267895833334 0.621988574074074 0.5048530895833333 0.5246066398148148 0.42611705 0.5340082675925926
2 0.42628687083333333 0.4871751564814815 0.42515164635416663 0.5309667129629629 0.5027972421875 0.521501587962963 0.6186421630208333 0.6199515907407408 0.6189164786458333 0.5775113166666667 0.5036714203125 0.477944125 0.42628687083333333 0.4871751564814815
2 0.42492784375 0.43977660740740737 0.4232698578125 0.4840434296296296 0.5003385515625001 0.4713516287037037 0.6164720020833333 0.5745977518518518 0.6165684187499999 0.5314221583333333 0.5029394916666666 0.4280975824074074 0.42492784375 0.43977660740740737
2 0.42675768229166666 0.39657259074074075 0.42498123177083336 0.4371164287037037 0.502808321875 0.4250339259259259 0.6181439765625 0.5296601685185185 0.6184249515625001 0.4868880527777778 0.5037225322916666 0.37948178240740743 0.42675768229166666 0.39657259074074075
2 0.4257411875 0.3513056314814815 0.4242849911458333 0.39509113333333334 0.5018385369791667 0.377439537962963 0.6167383302083334 0.4845845027777778 0.6169792729166667 0.44380706574074075 0.5034971552083333 0.3331674537037037 0.4257411875 0.3513056314814815
2 0.42836163958333334 0.30705314351851853 0.42721803333333336 0.35128855833333333 0.5042949515625 0.33178733425925927 0.6183702723958333 0.44164159814814813 0.6191977401041666 0.4004115638888889 0.5057890270833333 0.2861144333333333 0.42836163958333334 0.30705314351851853
0 0.7357992666666667 0.8736492907407408 0.7354695015625 0.6886235796296296 0.6366236578125 0.606509875 0.6230424494791666 0.6021564416666666 0.6210376828124999 0.7116206694444445 0.5407556031249999 0.711740288888889 0.5354785635416667 0.7061039305555556 0.5339275630208333 0.792958462037037 0.6335176494791667 0.7996436972222222 0.7357992666666667 0.8736492907407408
0 0.6196150838541666 0.41798816759259255 0.6205365369791667 0.5992091638888889 0.6351349880208333 0.6039424851851852 0.7350743401041666 0.6891405425925926 0.7353288348958333 0.5133745157407408 0.638358828125 0.41453690833333334 0.6196150838541666 0.41798816759259255
1 0.5348565473958333 0.7946410888888888 0.6360852114583333 0.8635678444444445 0.734836946875 0.8736276851851852 0.632937784375 0.7997644555555556 0.5348565473958333 0.7946410888888888
3 0.5309497859375 0.7111287898148149 0.5349826354166667 0.7116155814814815 0.534509546875 0.7064159833333333 0.49810570989583336 0.6785487212962963 0.49792749218750004 0.6842813712962963 0.5309497859375 0.7111287898148149
4 0.7824980401041667 0.44927086111111114 0.4702539776041667 0.10553531574074074 0.2561860609375 0.18858186944444444 0.2533669515625 0.28863170925925924 0.2949304671875 0.32113755648148146 0.29673019791666666 0.29876371296296295 0.38239684114583333 0.27167204166666664 0.4258822265625 0.313145525 0.4271146854166667 0.3056082851851852 0.5067297677083333 0.28380167222222225 0.6211198265625 0.40087056666666665 0.6200247989583333 0.4150412101851852 0.6376668416666667 0.41122187499999996 0.7377406484375 0.5145321268518519 0.7370662307291667 0.5481361962962963 0.7832691609375 0.5454764462962963 0.7824980401041667 0.44927086111111114