0 0.3626579645833334 0.5771114453703703 0.4098528083333333 0.5326380175925925 0.3988583010416667 0.42014868518518517 0.46940668281250003 0.3665955962962963 0.460672621875 0.28463272777777776 0.33746774270833335 0.36871604444444445 0.24932181302083334 0.3643482314814815 0.27364080520833334 0.5561847796296296 0.3626579645833334 0.5771114453703703
0 0.29694615052083334 0.7397769527777778 0.38556508333333334 0.768409237037037 0.42749520625 0.7295342583333334 0.4177898546875 0.6475627694444445 0.40870350364583335 0.5581529157407408 0.41169426770833334 0.5550575759259259 0.40983094635416667 0.5343706842592592 0.36313264843750004 0.5779844509259259 0.273454284375 0.5562565814814815 0.29694615052083334 0.7397769527777778
1 0.3379310010416667 0.36752169907407406 0.46019811875 0.2837615416666667 0.3708588515625 0.2849624861111111 0.24896171718750001 0.36332568240740737 0.3379310010416667 0.36752169907407406
3 0.5903750822916667 0.3393573351851852 0.5111680552083333 0.33706664537037034 0.40248779739583335 0.4189035814814815 0.48302947552083336 0.4248562240740741 0.5903750822916667 0.3393573351851852
2 0.5917223411458333 0.3392410981481481 0.48176036875 0.42770536666666664 0.40232616145833333 0.4198764064814815 0.4062911755208333 0.4630013509259259 0.4868222963541667 0.47274746944444446 0.5959568359375 0.3818160277777778 0.5917223411458333 0.3392410981481481
2 0.5942788364583333 0.38445898055555555 0.4829262739583333 0.47649810092592587 0.40493456718750004 0.4669125287037037 0.408792671875 0.5096134018518519 0.48914734114583336 0.5214850305555556 0.5983922098958333 0.42776325648148145 0.5942788364583333 0.38445898055555555
2 0.5966479958333333 0.4297404805555555 0.48731459947916667 0.5245246425925926 0.4080574494791666 0.5126237787037037 0.4126736588541667 0.5564386194444444 0.4916483244791667 0.5680972583333334 0.6002867151041666 0.47217738425925926 0.5966479958333333 0.4297404805555555
2 0.598045865625 0.4750133583333333 0.48880059895833333 0.5745832259259259 0.4098711953125 0.5594747138888889 0.4150536114583333 0.6037811037037036 0.4948562223958334 0.617906737962963 0.6015629494791667 0.5181797861111112 0.598045865625 0.4750133583333333
2 0.6032955505208334 0.5199907583333333 0.49496624427083336 0.6209654101851853 0.415318284375 0.6064422074074074 0.4203256114583333 0.6470303833333334 0.49949842916666665 0.6665333990740742 0.6069672859375 0.5627596185185185 0.6032955505208334 0.5199907583333333
2 0.6054443890625 0.5650095518518519 0.49775527135416664 0.6685159018518518 0.41794280677083334 0.6484337694444445 0.4228830713541667 0.6922526379629629 0.5029387432291667 0.7128275712962964 0.6089176651041667 0.605783037962963 0.6054443890625 0.5650095518518519
2 0.6104956145833333 0.6079915787037037 0.503854703125 0.7142323546296296 0.42437766354166667 0.6923160842592593 0.4290375026041667 0.7365749222222222 0.5089827541666667 0.7599392787037037 0.6145977734375 0.6492359564814815 0.6104956145833333 0.6079915787037037
0 0.5057378015625 0.3410007694444444 0.5106270072916667 0.335531725 0.5918097223958333 0.33817251944444443 0.6025065406250001 0.4476687925925926 0.6158937046874999 0.4437430972222222 0.7093331963541666 0.36475677500000003 0.6950121958333334 0.1797936712962963 0.5974566125 0.25056627592592595 0.4972905223958334 0.25412205833333334 0.5057378015625 0.3410007694444444
0 0.7088927046875 0.3642275472222222 0.6145918526041666 0.44626301296296295 0.6002062421875001 0.45053654074074073 0.6136276453125 0.6316774212962963 0.6328527994791667 0.6357163416666667 0.7230710645833334 0.5399519305555556 0.7088927046875 0.3642275472222222
1 0.5968607458333334 0.25042734166666664 0.6940409052083333 0.17978505185185184 0.5949897479166667 0.18674081388888888 0.4980965515625 0.25246908055555556 0.5968607458333334 0.25042734166666664
3 0.4694982916666667 0.3616378972222222 0.47013252552083334 0.3673745259259259 0.5047333130208334 0.34065837407407407 0.5047998333333333 0.33547510185185186 0.5007607729166667 0.33583510555555557 0.4694982916666667 0.3616378972222222
4 0.6142753135416666 0.6346364148148148 0.6165048411458333 0.6488374444444445 0.5101171119791666 0.7622809287037038 0.4278911427083333 0.737980212962963 0.4260480369791667 0.7304063962962962 0.385364734375 0.7705025351851852 0.29660144114583337 0.7407282074074074 0.2930096770833333 0.718304162962963 0.25355932187499997 0.7494955537037037 0.2643338828125 0.8496056712962963 0.48735549843750003 0.9393514416666666 0.7758410104166666 0.6055187999999999 0.76900100625 0.509364600925926 0.722074546875 0.5052546287037036 0.7254179645833333 0.5388703879629629 0.6324156895833333 0.6390087092592592 0.6142753135416666 0.6346364148148148