1 0.4290353015625 0.5008529518518519 0.4290188875 0.4223847175925926 0.4206849354166666 0.4194366462962963 0.33709590781250004 0.4612520962962963 0.4290353015625 0.5008529518518519
0 0.4213891140625 0.41783325833333335 0.42862514218750003 0.42106108425925926 0.42842963958333335 0.401841925 0.42582089322916666 0.4001066407407407 0.42498635989583333 0.3111806222222222 0.42273911822916665 0.30913431018518517 0.4234802109375 0.22548248055555553 0.4203128619791666 0.22339825 0.3360024395833333 0.275277487037037 0.33541355624999997 0.45987350833333335 0.4213891140625 0.41783325833333335
2 0.4296364458333333 0.49487402407407405 0.43007318802083333 0.5401123722222222 0.5036725546874999 0.5081278351851851 0.62745583125 0.5604261601851852 0.6261465619791667 0.5158388916666666 0.50285735625 0.4610683351851852 0.4296364458333333 0.49487402407407405
3 0.43059203385416667 0.5408319027777777 0.5526122333333333 0.587234425 0.6268451791666667 0.5608056240740741 0.5040618052083333 0.5084281342592593 0.43059203385416667 0.5408319027777777
2 0.42926304374999996 0.4472790277777778 0.42990292552083337 0.49279426574074076 0.5054130114583333 0.45910421018518516 0.6260764541666667 0.5152804472222222 0.6248132708333334 0.4708821148148148 0.50538790625 0.4120133814814815 0.42926304374999996 0.4472790277777778
2 0.4287462864583333 0.40039664166666666 0.42962166093750004 0.4447799185185185 0.5070342239583333 0.4093377092592593 0.6235329442708333 0.47037194444444447 0.6229201307291666 0.4262291166666667 0.5054718786458333 0.36286964166666663 0.4287462864583333 0.40039664166666666
2 0.42614175364583334 0.3534282175925926 0.42658833229166665 0.3978660462962963 0.5037291770833333 0.35959782592592593 0.6205626333333334 0.42453196574074076 0.6194518031249999 0.38128250277777775 0.5034771031249999 0.31409764351851854 0.42614175364583334 0.3534282175925926
2 0.4256496557291667 0.30883018055555556 0.426187409375 0.35136806388888886 0.5022463932291666 0.31061451944444446 0.6201862489583333 0.37925165925925924 0.6193244359375 0.3355559777777778 0.5017272817708334 0.26464685092592594 0.4256496557291667 0.30883018055555556
2 0.423704015625 0.26257594629629627 0.4240077572916666 0.30632085185185187 0.4998914197916667 0.26320082499999997 0.6172300229166667 0.33409929722222226 0.6156291578124999 0.29220093703703703 0.5002942307291667 0.21818503703703704 0.423704015625 0.26257594629629627
2 0.423844734375 0.21731695092592593 0.42443898489583337 0.2605451240740741 0.5001022395833333 0.21497342314814816 0.6165064229166667 0.29086208888888887 0.6159302302083333 0.24854947407407404 0.4989593036458333 0.17012263796296295 0.423844734375 0.21731695092592593
2 0.5766764197916667 0.5984381462962963 0.5772315213541667 0.639681374074074 0.6625996187500001 0.6214095990740741 0.7457036119791667 0.6650657888888889 0.7445126223958333 0.624327837037037 0.6606950770833334 0.577212612962963 0.5766764197916667 0.5984381462962963
3 0.5777872864583333 0.641689462037037 0.6636660937500001 0.6820313 0.7448037562500001 0.6652592611111111 0.6632550442708334 0.6218949416666666 0.5777872864583333 0.641689462037037
2 0.66132789375 0.5765516555555555 0.7365497354166667 0.6198830203703704 0.7357210744791666 0.5844174046296297 0.6475057541666666 0.5368931712962962 0.6273542567708333 0.5429201305555555 0.6279557385416666 0.5603180583333334 0.5673289739583333 0.5827362768518519 0.5675741932291667 0.6017185962962963 0.6486030416666666 0.5794559648148149 0.66132789375 0.5765516555555555
2 0.6260504447916666 0.4964617907407407 0.6271487234375 0.5390218462962963 0.646141290625 0.5331776833333334 0.7414586119791667 0.5807668148148148 0.740397421875 0.540034212037037 0.645943371875 0.4904232509259259 0.6260504447916666 0.4964617907407407
2 0.6240707453125 0.45500337314814815 0.6260238083333333 0.4950847675925926 0.6501532020833333 0.4878522944444445 0.7416755703125 0.5393998472222222 0.7405121723958333 0.5000343287037037 0.6498400744791667 0.44577922407407405 0.6240707453125 0.45500337314814815
2 0.7415929260416667 0.45664555277777774 0.6490668895833333 0.4000279361111111 0.6207807734375 0.4125770712962963 0.6212514104166666 0.42334090555555554 0.623484146875 0.4252616203703704 0.6238782864583333 0.4517945175925926 0.6506632395833333 0.4416974074074074 0.7427613432291668 0.49623905555555553 0.7415929260416667 0.45664555277777774
2 0.7421887005208333 0.41483771574074074 0.6494561567708333 0.35432548055555557 0.6201369005208334 0.3668329648148148 0.6211516901041667 0.3789895935185185 0.6200203333333333 0.38054389537037037 0.620539234375 0.40685323055555556 0.6506697182291667 0.39620787962962967 0.742942240625 0.45304375185185186 0.7421887005208333 0.41483771574074074
2 0.6451560020833333 0.35231678981481485 0.6479103557291667 0.3544877037037037 0.6494290338541667 0.35295028888888885 0.7410827697916668 0.41113195555555554 0.7396783552083334 0.3726713194444444 0.6436889458333332 0.31065357222222223 0.6173324307291667 0.32282574444444445 0.6176647447916667 0.3331255462962963 0.6197546619791667 0.3343542638888889 0.620466021875 0.3638724555555556 0.6451560020833333 0.35231678981481485
2 0.7413529380208334 0.33319405 0.6455809447916666 0.2691278564814815 0.6173495067708333 0.28442276203703704 0.6179749 0.2899346425925926 0.6159571770833333 0.29236630555555554 0.61755938125 0.3212341712962963 0.6460103463541667 0.3105205333333333 0.7427568286458333 0.37165466574074074 0.7413529380208334 0.33319405
4 0.45605174374999996 0 0.2509868666666667 0.1596508861111111 0.2505054609375 0.25482544999999995 0.33562675052083335 0.30008514166666667 0.33514325260416666 0.27557078333333335 0.4988369598958334 0.16866574537037038 0.6161245130208334 0.24848340555555556 0.6174562286458334 0.28328456759259263 0.6453003453124999 0.267972775 0.7411920796874999 0.3315874222222222 0.7419363614583333 0.34967641944444444 0.7448194677083334 0.3518526388888889 0.782803996875 0.337137437037037 0.7786913765625 0.24817540185185183 0.45747847864583335 0 0.45605174374999996 0
6 0.5529498015625 0.6894631064814815 0.5027274489583333 0.6994276907407407 0.5704594109375001 0.7251226277777778 0.620095109375 0.7141292370370371 0.5529498015625 0.6894631064814815
5 0.501830071875 0.6682999833333334 0.5021337458333334 0.6980680398148148 0.551610203125 0.6885727166666668 0.6199970875 0.7139585314814815 0.619686796875 0.6838550166666666 0.5518370364583334 0.6569867083333334 0.501830071875 0.6682999833333334
5 0.6173447979166667 0.6608566611111111 0.5768446802083333 0.6419691351851853 0.5766580812500001 0.6372808916666667 0.5451722953125 0.6254518824074073 0.49803625416666664 0.6387214296296296 0.49853270156249996 0.6686650240740741 0.5460499151041667 0.65557785 0.6178751067708333 0.6829451722222222 0.6173447979166667 0.6608566611111111
5 0.49768637552083334 0.6066107296296296 0.4980098625 0.6373833064814814 0.5449536541666667 0.6239382425925926 0.576827228125 0.6362850851851852 0.5763373796875 0.6066760231481482 0.5447960255208333 0.5920030574074074 0.49768637552083334 0.6066107296296296
5 0.5669798427083333 0.5822163333333333 0.5529243609375 0.5876546953703703 0.5438945083333333 0.5846085009259259 0.5108806880208333 0.5718804101851852 0.49689354583333334 0.5759845518518518 0.49747754947916667 0.6055947166666666 0.5435477963541667 0.590946062037037 0.5669715380208333 0.6009391314814815 0.5669798427083333 0.5822163333333333