6 0.6397528197916666 0.4154827259259259 0.5689378296875 0.48110399814814814 0.6272496015625 0.48625571851851845 0.6988065953124999 0.4199900296296296 0.6397528197916666 0.4154827259259259
6 0.5620608661458333 0.485161262037037 0.48267605520833334 0.5587322675925925 0.5396288927083333 0.5697203768518518 0.6194737656249999 0.4932146175925926 0.5620608661458333 0.485161262037037
6 0.500168546875 0.479201449074074 0.4214680416666667 0.5475837046296296 0.472561240625 0.5593873361111111 0.5535282046875001 0.4874489425925925 0.500168546875 0.479201449074074
6 0.442702965625 0.4721040398148148 0.36223658645833334 0.5382181203703704 0.4117354729166667 0.546455525925926 0.49109341562500003 0.477568487037037 0.442702965625 0.4721040398148148
6 0.5209719072916666 0.4092334703703704 0.450173853125 0.465777062037037 0.5000757541666666 0.4726353777777778 0.5707813161458334 0.41143389351851856 0.5209719072916666 0.4092334703703704
6 0.5613533802083333 0.48046074907407404 0.6331170312500001 0.4149187453703703 0.5775230192708333 0.41412332777777777 0.5079525864583333 0.4744142351851852 0.5613533802083333 0.48046074907407404
5 0.6279742338541666 0.48658539537037043 0.6275716192708334 0.5209543833333333 0.6991028223958333 0.4554946916666666 0.6996535192708334 0.42041557314814815 0.6279742338541666 0.48658539537037043
5 0.6286091932291666 0.5181169805555556 0.6289141098958333 0.5571873888888889 0.6992453796875 0.4913231305555555 0.6993997572916667 0.45657323333333333 0.6286091932291666 0.5181169805555556
5 0.6288329302083333 0.5555664027777778 0.6291871645833333 0.5909083731481481 0.7005675744791666 0.5271508898148147 0.6988112901041668 0.49429039444444445 0.6288329302083333 0.5555664027777778
5 0.6297404520833333 0.5878272583333333 0.6306398125 0.6246277712962963 0.7014432354166666 0.5540623203703703 0.7008502286458334 0.5267606879629629 0.6297404520833333 0.5878272583333333
5 0.6322165958333333 0.6231307898148148 0.6336692442708334 0.656850187037037 0.7017103286458333 0.587664275925926 0.7010172869791667 0.5548355351851852 0.6322165958333333 0.6231307898148148
5 0.5420114885416666 0.5701740592592593 0.4807623651041667 0.5582151842592592 0.48210485572916667 0.5944481907407407 0.542365203125 0.6055162111111111 0.6226865875 0.5270804796296297 0.6199504453125001 0.494490025 0.5420114885416666 0.5701740592592593
5 0.5420722994791666 0.6043807842592593 0.48241800885416664 0.5959879546296297 0.48336616666666665 0.6290602101851852 0.5444238609375 0.6419098898148149 0.6228895088541667 0.5641248388888889 0.6212844796875 0.5293705916666667 0.5420722994791666 0.6043807842592593
5 0.5423772619791667 0.6434521027777778 0.4842041494791667 0.6316532712962962 0.4852827598958333 0.6626171648148148 0.5441227677083333 0.6783060185185186 0.6244524046875 0.5953324444444444 0.6229887125 0.5634003842592592 0.5423772619791667 0.6434521027777778
5 0.5449607963541666 0.680899987037037 0.48542487031250003 0.6654547981481481 0.48717042135416666 0.7003096231481482 0.5459089083333333 0.7139713342592592 0.6255836927083334 0.6320508277777778 0.6239525484375 0.5991317240740741 0.5449607963541666 0.680899987037037
5 0.6264216473958334 0.6676357842592593 0.6256567812499999 0.6331615175925925 0.6260476380208334 0.6318883851851851 0.5450621979166667 0.7159172064814814 0.48839117083333333 0.7011192546296297 0.48837080156249996 0.7337049944444445 0.5467874536458334 0.7503667833333333 0.6264216473958334 0.6676357842592593
5 0.42018018281249997 0.5501472388888888 0.4208151427083333 0.5816788222222222 0.47591224322916664 0.593317612037037 0.4746219098958333 0.5628392768518518 0.42018018281249997 0.5501472388888888
5 0.42186484947916664 0.583786324074074 0.4218652958333333 0.6167771287037037 0.47730452656250005 0.6258210879629629 0.4746114989583334 0.5937111009259259 0.42186484947916664 0.583786324074074
5 0.42304493437499996 0.61677645 0.4257183770833333 0.6513063879629629 0.48117790312500003 0.6607555935185185 0.47933408645833336 0.6302898388888889 0.42304493437499996 0.61677645
5 0.42510363854166666 0.6531710379629629 0.4268782125 0.6838921768518519 0.4834685796875 0.697068961111111 0.48151135 0.6627006046296295 0.42510363854166666 0.6531710379629629
5 0.4276756057291667 0.6856747444444444 0.4289861885416667 0.7165574175925926 0.484579096875 0.733383187962963 0.48331778645833334 0.6987711675925926 0.4276756057291667 0.6856747444444444
5 0.36280450989583335 0.5401318833333334 0.3620075625 0.5713401212962963 0.4166291052083333 0.5781962657407407 0.4156770505208333 0.5465362481481482 0.36280450989583335 0.5401318833333334
5 0.41441134375 0.6140264259259259 0.4179715958333333 0.6144292722222222 0.4168001932291666 0.5768993055555556 0.36392370989583334 0.5719062703703703 0.36411558489583334 0.6040062703703704 0.41441134375 0.6140264259259259
5 0.365205315625 0.606923537037037 0.36704077447916666 0.6388604148148148 0.4203318401041667 0.6474185370370371 0.41824415885416666 0.6151585435185185 0.365205315625 0.606923537037037
5 0.36676816614583335 0.6381302351851852 0.3698939875 0.6675535527777778 0.42149167552083333 0.680004325925926 0.4199694145833333 0.6496081212962963 0.36676816614583335 0.6381302351851852
5 0.36919806875 0.6677972166666667 0.37025638385416665 0.6983558638888889 0.42296466406250005 0.7141298777777778 0.4227220713541667 0.6789670129629629 0.36919806875 0.6677972166666667
3 0.43173504218750003 0.38504739629629625 0.3739625234375 0.42836906574074074 0.4420474552083334 0.4354594564814815 0.4423316307291667 0.4411338138888889 0.4602338901041667 0.4451753685185185 0.5260957104166667 0.39317539351851855 0.43173504218750003 0.38504739629629625
2 0.4479187239583334 0.472581825 0.4502060244791667 0.46641945925925926 0.46310110833333334 0.4553058972222222 0.519217909375 0.40720244629629626 0.5275789822916667 0.40922410833333334 0.5266365937499999 0.39511988888888894 0.4614338239583333 0.44557993611111113 0.4426447833333333 0.4426735787037037 0.44354073854166665 0.46999025555555557 0.4479187239583334 0.472581825
1 0.35960759583333335 0.42803369999999996 0.24664280833333332 0.5096510055555555 0.3269327203125 0.5248404453703703 0.4419540885416666 0.4363427398148148 0.35960759583333335 0.42803369999999996
0 0.36077125416666667 0.536086025 0.44404056249999996 0.4694028981481481 0.4410458046875 0.4378728537037037 0.3247352822916667 0.5280839555555557 0.24475852343750001 0.5144342805555555 0.25740843645833333 0.6869218444444444 0.3388697791666667 0.7066493546296296 0.36659354947916667 0.6759105185185185 0.36077125416666667 0.536086025
4 0.5676071395833334 0.8903146388888888 0.7654628953124999 0.6513233833333334 0.7635995182291667 0.5552218675925926 0.7016774614583333 0.5503273851851852 0.7022718364583334 0.5893759583333333 0.6347543223958334 0.6594103555555556 0.6267737786458334 0.6586358203703704 0.6278050260416667 0.6701710194444445 0.5462837708333333 0.7526418833333334 0.48804841718749997 0.7361551518518519 0.3681874098958334 0.7004023972222222 0.3691126557291666 0.6826302018518519 0.33804235416666667 0.7101639185185186 0.255010278125 0.6841178416666667 0.25405400208333334 0.6650231046296297 0.2319601296875 0.6814821 0.23926153072916667 0.7729040638888889 0.5676071395833334 0.8903146388888888