6 0.2869817708333333 0.5520166666666667 0.3346239583333333 0.580837037037037 0.4233151041666667 0.5368435185185185 0.37580833333333336 0.5117953703703704
6 0.3373333333333333 0.5824435185185185 0.38664635416666665 0.6116657407407408 0.47786614583333337 0.5638175925925926 0.4269276041666667 0.5362009259259259
3 0.3915234375 0.5015194444444444 0.49845833333333334 0.5535416666666667 0.5710734375000001 0.5162907407407408 0.4625125 0.46715833333333334
3 0.46851822916666663 0.4649111111111111 0.5768536458333333 0.5134009259259259 0.64185 0.4796824074074074 0.5341921875 0.43665185185185185
5 0.2870026041666666 0.5525611111111111 0.28871718749999997 0.5882657407407408 0.3345864583333333 0.6147870370370371 0.3339859375 0.5821694444444445
5 0.2879671875 0.5897138888888889 0.28822447916666666 0.6214555555555555 0.33589375000000005 0.6491962962962963 0.33503645833333334 0.6155111111111111
5 0.2896817708333333 0.622675 0.29028177083333334 0.6546833333333333 0.3371796875 0.6844046296296297 0.3360651041666667 0.6508722222222222
5 0.29000312500000003 0.656587962962963 0.2910536458333333 0.6883675925925926 0.33743697916666665 0.717937037037037 0.3362364583333333 0.6857768518518519
5 0.29011041666666665 0.6897398148148148 0.2905390625 0.7208333333333333 0.33726562499999996 0.753299074074074 0.3364083333333333 0.7197666666666667
5 0.3400947916666667 0.7244916666666666 0.34069479166666666 0.7586333333333333 0.3916223958333333 0.7933851851851852 0.48046041666666667 0.7369898148148147 0.4800317708333333 0.7039148148148148 0.38957968750000005 0.7574138888888888
5 0.3387380208333333 0.6882157407407408 0.33976666666666666 0.7237296296296297 0.389665625 0.7566518518518518 0.480203125 0.7034574074074075 0.48011718750000004 0.6694675925925926 0.38915104166666664 0.7217481481481482
5 0.3377734375 0.652587037037037 0.33839531250000005 0.6877583333333334 0.38837916666666666 0.7205287037037037 0.47960312499999996 0.6684009259259259 0.47943125000000003 0.6354777777777778 0.38846510416666663 0.6851666666666667
5 0.33627291666666664 0.617912037037037 0.3369375 0.6525490740740741 0.38743645833333334 0.6834907407407407 0.4785739583333333 0.6341064814814815 0.47883125 0.5979824074074074 0.38675052083333333 0.647824074074074
5 0.3353083333333334 0.5819027777777778 0.33599427083333333 0.6181018518518518 0.3864072916666667 0.6461472222222223 0.47797395833333334 0.5978305555555556 0.47737395833333335 0.5649074074074074 0.3860645833333333 0.6120055555555556
2 0.3894296875 0.5007388888888888 0.3897510416666667 0.5185712962962963 0.4775453125 0.5629259259259259 0.47831666666666667 0.5879231481481482 0.496921875 0.5970685185185185 0.57129375 0.5578962962962963 0.5710364583333334 0.5176574074074074 0.49627447916666667 0.5537805555555555
2 0.47862343749999997 0.5915046296296297 0.47939479166666665 0.6331157407407407 0.497228125 0.6419555555555556 0.5703614583333334 0.6021740740740741 0.57061875 0.5601064814814815 0.49611354166666666 0.5992787037037037
2 0.48016666666666663 0.6358592592592592 0.4809380208333333 0.6780796296296296 0.4965421875 0.6860055555555555 0.5703614583333334 0.642412962962963 0.57061875 0.6044601851851852 0.4960276041666667 0.6434805555555555
2 0.48085260416666664 0.6789944444444445 0.4809380208333333 0.7207574074074075 0.49679947916666667 0.7303592592592593 0.5695895833333334 0.6852435185185185 0.5699328124999999 0.6453092592592592 0.4967135416666667 0.6878342592592592
2 0.5712828125 0.5130842592592593 0.5717114583333333 0.5546953703703704 0.5751411458333333 0.5566768518518519 0.6417583333333333 0.5188768518518518 0.6417583333333333 0.48260092592592585 0.5747979166666667 0.5144564814814815
2 0.5715401041666667 0.5572861111111111 0.5710255208333332 0.5956962962962963 0.5759984374999999 0.5978305555555556 0.6425296875 0.5607925925925925 0.6426156249999999 0.5216203703703703 0.5756557291666666 0.5572861111111111
2 0.5714546875 0.5982879629629629 0.57136875 0.6371546296296295 0.5767703125 0.6397462962962963 0.6421010416666667 0.600574074074074 0.6426156249999999 0.5620111111111111 0.5777130208333333 0.5985925925925926
2 0.5711114583333334 0.6391361111111111 0.5703401041666667 0.6772416666666667 0.5774557291666667 0.6818138888888889 0.6428729166666667 0.6403555555555555 0.6424442708333333 0.6016407407407408 0.5774557291666667 0.6391361111111111
4 0.6432968750000001 0.6401555555555556 0.6431145833333333 0.5797361111111111 0.753771875 0.6322185185185185 0.7520406249999999 0.7214712962962962 0.4356140625 0.9564796296296296 0.22899114583333333 0.7889490740740741 0.22720156249999998 0.6907296296296297 0.28916041666666664 0.6597120370370371 0.28983125 0.7221435185185184 0.39361822916666667 0.7957092592592593 0.48152395833333334 0.7392425925925925 0.4813005208333333 0.7237342592592593 0.49740520833333335 0.7320851851851852 0.5705614583333334 0.6859944444444445 0.5705614583333334 0.6785481481481481 0.5782401041666667 0.6841324074074074