6 0.2856515625 0.5522944444444444 0.3327458333333333 0.5797444444444445 0.4246177083333333 0.5369222222222222 0.3755161458333333 0.5116685185185185
6 0.33583385416666667 0.5802935185185185 0.38786875 0.610762962962963 0.47757916666666667 0.5649212962962963 0.4264703125 0.5380203703703704
5 0.2853432291666667 0.5531175925925925 0.28580625000000004 0.5866074074074074 0.3332088541666666 0.6154296296296297 0.3352161458333333 0.6132333333333334 0.334753125 0.5800194444444445 0.33290000000000003 0.5800194444444445
5 0.28749270833333335 0.5882518518518519 0.28893958333333336 0.6213425925925925 0.33494218750000004 0.6496314814814814 0.3368713541666667 0.6494601851851852 0.3357140625 0.6151703703703704 0.3328203125 0.6160268518518518
5 0.2881682291666667 0.6220277777777777 0.28864999999999996 0.6552898148148147 0.33532812500000003 0.6852935185185185 0.33870364583333334 0.6840935185185185 0.33677447916666664 0.6498027777777778 0.33388125 0.6504888888888889
5 0.28932552083333335 0.6558037037037038 0.28951822916666664 0.6882083333333333 0.3364854166666667 0.7204416666666666 0.3388963541666667 0.7200981481481482 0.33831770833333336 0.6844361111111111 0.3350385416666667 0.686150925925926
5 0.28980729166666663 0.6888944444444444 0.2903859375 0.7219842592592594 0.3376427083333333 0.7545601851851852 0.34015 0.7530175925925926 0.339475 0.7228416666666666 0.33870364583333334 0.7207842592592593 0.33609947916666666 0.7211268518518519
5 0.3357140625 0.5813935185185185 0.336003125 0.6165416666666667 0.3866348958333334 0.646374074074074 0.4780520833333333 0.5988824074074074 0.47756979166666663 0.5651055555555555 0.3859505208333333 0.6110546296296296
5 0.33695781249999995 0.6175703703703703 0.33705416666666665 0.652375 0.38836145833333335 0.6839222222222222 0.4789203125 0.633687037037037 0.47863072916666666 0.6000824074074075 0.38787916666666666 0.6489462962962963
5 0.33792239583333333 0.6532324074074074 0.33869375 0.6878657407407407 0.3891328125 0.7202703703703704 0.48036666666666666 0.6696916666666667 0.47978802083333333 0.6352296296296296 0.38903645833333333 0.6849509259259259
5 0.3390796875 0.6888944444444444 0.33956197916666664 0.723012962962963 0.38990468749999996 0.7567888888888888 0.47998124999999997 0.7032962962962962 0.47998124999999997 0.6708916666666667 0.38874739583333334 0.7211268518518519
5 0.3397546875 0.7238703703703704 0.3405260416666666 0.7578175925925926 0.39115833333333333 0.7929657407407408 0.4810416666666667 0.7374148148148149 0.4802703125 0.7039824074074075 0.3909651041666667 0.7576462962962963
0 0.3787171875 0.48435185185185187 0.38054947916666665 0.5138416666666666 0.47816041666666664 0.5637342592592592 0.4813427083333333 0.7279851851851852 0.4889 0.7338148148148148 0.5828822916666667 0.6763787037037038 0.5835578125 0.49343888888888887 0.48904479166666665 0.5380166666666667
1 0.37949635416666666 0.48469537037037036 0.47304479166666663 0.4438888888888889 0.5828036458333333 0.4910388888888889 0.4895442708333333 0.5373305555555555
1 0.4835645833333333 0.4406314814814815 0.59403125 0.48726666666666674 0.67525625 0.44800462962962967 0.5656020833333333 0.40565555555555555
0 0.48362656249999997 0.4414888888888889 0.4833369791666666 0.4483472222222222 0.5838296875 0.4912101851851851 0.5830578125 0.666262962962963 0.5930880208333333 0.6708916666666667 0.6725557291666667 0.6213425925925925 0.6757385416666666 0.44920462962962965 0.5939557291666666 0.4879527777777778
4 0.6729067708333333 0.6209083333333334 0.6732994791666667 0.5946472222222222 0.7041005208333334 0.6083361111111112 0.7543880208333333 0.6330611111111111 0.7520307291666666 0.720924074074074 0.4362015625 0.9555842592592592 0.22878697916666668 0.786387037037037 0.2264296875 0.6925675925925926 0.28865989583333335 0.6615574074074074 0.2900744791666667 0.7224611111111111 0.39126354166666666 0.7943129629629629 0.4820713541666667 0.7382981481481481 0.48128541666666663 0.7297777777777777 0.4892213541666666 0.7355046296296297 0.583678125 0.6767212962962963 0.5834427083333333 0.6669435185185185 0.5942072916666666 0.672112037037037