1 0.4793805338541667 0.3193497657407407 0.39510054687499996 0.27379815277777775 0.2691294791666667 0.287581375925926 0.3511596083333333 0.33648910555555556 0.4793805338541667 0.3193497657407407
0 0.311204134375 0.508778924074074 0.46533466822916664 0.4719679462962963 0.4790620552083333 0.31929333240740737 0.35142574375 0.3371142851851852 0.2689181546875 0.28812194907407407 0.2565163119791667 0.4826245490740741 0.30949733125 0.5220519925925926 0.311204134375 0.508778924074074
0 0.294893815625 0.7158759175925926 0.29696013958333334 0.6934238518518518 0.29478264374999996 0.6907268564814815 0.2979167776041667 0.6531553703703703 0.2997174265625 0.6511633 0.30947120208333334 0.5223359046296296 0.25601272291666666 0.4828238555555555 0.2430421265625 0.6676944277777778 0.294893815625 0.7158759175925926
4 0.5725546802083333 0.7399731148148149 0.5517278677083334 0.7221665611111111 0.5488088817708333 0.7530169888888888 0.49561220260416666 0.7781659370370371 0.49271408072916667 0.7740877777777778 0.4920784541666666 0.7783950805555556 0.4353945755208333 0.8051370046296296 0.4334156348958333 0.8032180944444445 0.43305616093750005 0.8088568416666666 0.3705373880208333 0.8372731851851852 0.29433022604166664 0.7639634518518518 0.29711515885416667 0.7302375787037036 0.2943490822916666 0.7273238694444444 0.294763084375 0.7172963972222223 0.24307089322916667 0.6691431712962963 0.24411045208333335 0.6525750981481482 0.184954415625 0.6694020481481482 0.17875861302083335 0.7636166046296295 0.36925174270833333 0.9681847666666668 0.7034545203125 0.7906604814814815 0.7135512729166666 0.7017744481481482 0.6787321583333333 0.6780671907407407 0.6752133135416667 0.6798672175925925 0.6738824369791666 0.6934617157407408 0.5725546802083333 0.7399731148148149
3 0.5138103322916667 0.34377028425925926 0.5047313291666666 0.33943158796296297 0.4775493291666667 0.34353352314814817 0.4732176442708333 0.39281763425925925 0.5100872213541667 0.3853360083333333 0.5138103322916667 0.34377028425925926
2 0.5056109197916666 0.4262221 0.5096873749999999 0.3863574925925926 0.4732354072916667 0.3937304388888889 0.46936096302083335 0.4347231777777778 0.5056109197916666 0.4262221
2 0.4693115046875 0.43526058240740745 0.4657171854166667 0.47320956851851853 0.49558448854166665 0.465397737037037 0.5018555114583333 0.469238862037037 0.5054113484375 0.4272790722222222 0.4693115046875 0.43526058240740745
6 0.44276613958333333 0.4800632166666666 0.5203650479166667 0.5305783870370371 0.5742352640625 0.5155531296296296 0.4947848807291667 0.46743978425925925 0.44276613958333333 0.4800632166666666
6 0.37861877083333334 0.49490494074074076 0.45904759895833336 0.5501082342592593 0.5148028067708333 0.5323226666666667 0.4342945598958333 0.48019962777777775 0.37861877083333334 0.49490494074074076
6 0.3126693020833333 0.5116120046296296 0.3894410833333334 0.5688971787037037 0.45149474791666666 0.550225699074074 0.3733232369791667 0.49596856851851856 0.3126693020833333 0.5116120046296296
5 0.45211428333333337 0.5512460740740741 0.38965963697916667 0.5698455611111112 0.311133478125 0.5127956824074075 0.30925635989583333 0.5475902018518519 0.38698282604166667 0.6066830490740741 0.44975372395833335 0.5868645833333334 0.45211428333333337 0.5512460740740741
5 0.44900349062499995 0.5883701472222223 0.3859664005208333 0.6088693564814814 0.30818873906250005 0.5492212694444444 0.30594355572916665 0.5835861425925927 0.38285509166666665 0.6459933388888889 0.4458085015625 0.6252975574074074 0.44900349062499995 0.5883701472222223
5 0.44592691822916664 0.6262281962962963 0.38278917447916666 0.6467095703703704 0.30554370937499997 0.5846076268518517 0.3031318703125 0.6196718185185185 0.3797949776041667 0.6836725601851852 0.4434821635416667 0.6616500435185185 0.44592691822916664 0.6262281962962963
5 0.4420469932291667 0.6628515564814815 0.37904534427083336 0.6851772944444444 0.30256475 0.620299237037037 0.29987026145833334 0.656222999074074 0.37663654635416666 0.7224257601851852 0.43841671718749997 0.6989739222222222 0.4420469932291667 0.6628515564814815
5 0.43738209739583334 0.700246412962963 0.3747350973958333 0.7253648981481482 0.2985511708333333 0.657263337962963 0.29593905625 0.6922920407407407 0.3720063875 0.7605546842592592 0.4344018328125 0.7348463916666667 0.43738209739583334 0.700246412962963
5 0.4356215755208333 0.7348798490740741 0.3727260609375 0.7615928027777777 0.29731135052083335 0.6939910342592592 0.2945796005208334 0.7269965444444444 0.37099975885416664 0.7969602138888889 0.432091953125 0.77102005 0.4356215755208333 0.7348798490740741
5 0.43531876249999996 0.7725014944444444 0.37285731562499996 0.7989269388888889 0.29739010625 0.7296783009259259 0.29539639270833334 0.7646339027777778 0.3706157921875 0.8365694712962963 0.43272441145833335 0.8084429999999999 0.43531876249999996 0.7725014944444444
5 0.4531502078125 0.551065213888889 0.4505009171875 0.5831747444444444 0.456637065625 0.5862640564814815 0.5118238473958333 0.5680142768518519 0.5145867776041667 0.5335584675925926 0.458547615625 0.5511119740740741 0.3775833625 0.4950858907407408 0.3776713026041667 0.49855929074074073 0.4531502078125 0.551065213888889
5 0.5115913598958334 0.5694289046296296 0.45500232395833334 0.5885225425925925 0.4502866239583333 0.585503187962963 0.44728947083333337 0.6202809824074074 0.4524903473958333 0.6235689898148148 0.5092112171875 0.6030428888888889 0.5115913598958334 0.5694289046296296
5 0.5079433213541666 0.6046384675925925 0.451138771875 0.6249679962962963 0.4468584442708333 0.6227527648148148 0.44407975989583337 0.6584798638888888 0.44782596770833333 0.660963937037037 0.5050644989583334 0.6403478212962963 0.5079433213541666 0.6046384675925925
5 0.5046811958333334 0.6411895564814815 0.4477435927083333 0.6618589972222223 0.4440645223958333 0.6597512444444444 0.44016379322916666 0.693277525925926 0.4451150208333334 0.6970665268518519 0.5019512661458333 0.6752867898148148 0.5046811958333334 0.6411895564814815
5 0.5012340328125 0.6764337768518519 0.44484831302083333 0.6977471787037037 0.43988236354166665 0.6952296481481481 0.43571492656250005 0.7294365824074074 0.4419859489583333 0.7332777055555556 0.4984199078125 0.7103343472222222 0.5012340328125 0.6764337768518519
5 0.43645662395833335 0.7346643305555555 0.43390625 0.7656990527777777 0.43788747031249997 0.7689526814814814 0.49517119947916666 0.7445223342592593 0.49825333749999995 0.7110327425925925 0.4411179 0.7338517999999999 0.43583334322916667 0.7303672212962963 0.4352852057291667 0.7329999953703704 0.43645662395833335 0.7346643305555555
5 0.43643828229166665 0.7725181277777777 0.4336021333333333 0.8022290666666666 0.43550863229166664 0.8036582962962963 0.49185464999999995 0.7772415388888889 0.4949050078125 0.7452030777777778 0.43812248229166667 0.769722237037037 0.4338910125 0.7669704324074075 0.4331768203125 0.7703016944444444 0.43643828229166665 0.7725181277777777
5 0.5160060057291667 0.5325358722222222 0.5127357895833333 0.5625343194444444 0.5183720385416667 0.5666264509259259 0.5720736750000001 0.5501154962962963 0.5747382041666668 0.5167345861111111 0.5208839302083333 0.531580925 0.4420147703125 0.48047530648148146 0.4425548875 0.48457593611111105 0.5160060057291667 0.5325358722222222
5 0.5679835119791666 0.5522864462962963 0.51505788125 0.5693602249999999 0.512316265625 0.5678907481481481 0.5096204473958333 0.6025008481481482 0.5117705380208333 0.604412612037037 0.5651263078125001 0.5859938907407408 0.5679835119791666 0.5522864462962963
5 0.5632410432291667 0.5871896574074075 0.5102164104166667 0.6053391666666667 0.5089507786458333 0.6044591203703703 0.505802978125 0.6386621787037037 0.5071284859375 0.6395528333333332 0.5603927578125 0.6201332972222222 0.5632410432291667 0.5871896574074075
5 0.5052624963541666 0.6398779583333333 0.5026676958333334 0.674724237962963 0.5560705026041667 0.6537994185185185 0.5591593255208333 0.6208983990740741 0.5060663901041667 0.6404569675925926 0.5052624963541666 0.6398779583333333
5 0.5532816010416667 0.6860978046296297 0.5557997578124999 0.6540793305555556 0.5023286484375 0.6764132092592592 0.5000015692708334 0.7090117111111112 0.5532816010416667 0.6860978046296297
5 0.5501229526041667 0.7197518342592593 0.552651034375 0.6876255101851851 0.49885963645833337 0.7107776277777779 0.4958505416666667 0.7434735564814815 0.5501229526041667 0.7197518342592593
5 0.5510272625 0.7205678546296297 0.49841983802083334 0.7434922740740741 0.49564211927083335 0.7450770027777778 0.4926775536458334 0.7732990574074075 0.4952607828125 0.7764895185185186 0.54817796875 0.7528555398148148 0.5510272625 0.7205678546296297
1 0.71409006875 0.3382820722222222 0.6190713020833333 0.2942909935185185 0.518278628125 0.30922413425925926 0.6128970026041666 0.3550235324074074 0.71409006875 0.3382820722222222
0 0.5757066708333334 0.5151149907407407 0.5737978703125 0.5371265564814814 0.5929148953125 0.5505399648148148 0.69383940625 0.5189209972222222 0.7140522317708334 0.3386931907407408 0.61215120625 0.3567715833333333 0.5178765541666667 0.3097796222222222 0.5025491442708333 0.4712382305555556 0.5757066708333334 0.5151149907407407
0 0.5918994515624999 0.5514045870370371 0.5730915072916667 0.5397172425925926 0.5720717770833333 0.552068437962963 0.5685828578125 0.5531214972222223 0.5654241135416667 0.5874434657407407 0.5635856031250001 0.589624624074074 0.5508624364583333 0.7177075657407408 0.5523631828125001 0.7217329703703703 0.5719249953125 0.7379401092592592 0.6737146963541666 0.6931069148148148 0.6931315307291667 0.5202570074074074 0.5918994515624999 0.5514045870370371