1 0.5147124958333333 0.7346872620370369 0.6207774479166667 0.7463319953703703 0.7242574708333334 0.6907015546296296 0.6201605505208333 0.6752896833333334 0.5147124958333333 0.7346872620370369
1 0.41706075520833336 0.788936924074074 0.5226657552083334 0.7964483490740741 0.6125865078125 0.7487436694444444 0.5089274447916667 0.737000112962963 0.41706075520833336 0.788936924074074
1 0.33044898697916664 0.8386864759259259 0.43873044635416664 0.8403773703703704 0.5163973489583333 0.7982103296296296 0.4071454921875 0.7945868398148148 0.33044898697916664 0.8386864759259259
6 0.46368731718749995 0.6393257074074075 0.5615450005208333 0.6472581481481482 0.6123441473958333 0.6107073296296296 0.5136050692708333 0.6010990712962964 0.46368731718749995 0.6393257074074075
6 0.4070166135416667 0.676324312037037 0.4967698625 0.6885334916666667 0.5481640286458334 0.6532561101851853 0.46191967760416663 0.6416300388888888 0.4070166135416667 0.676324312037037
6 0.34146868177083334 0.7182538962962963 0.4200306057291667 0.731700011111111 0.47408974010416666 0.7019209648148148 0.39436043958333333 0.6863937675925925 0.34146868177083334 0.7182538962962963
6 0.2864252942708333 0.7570722138888889 0.3721669411458333 0.7636318601851851 0.4124558208333333 0.735852200925926 0.332191146875 0.7261094444444445 0.2864252942708333 0.7570722138888889
6 0.24194600572916666 0.7855249416666666 0.3284393114583333 0.7909632685185185 0.37001279583333335 0.7649460472222223 0.28355416614583334 0.7586956574074074 0.24194600572916666 0.7855249416666666
5 0.5120003354166667 0.5621064648148147 0.4608878671875 0.603445875 0.46283971822916664 0.639756050925926 0.5139738447916666 0.5988835962962963 0.6138740968749999 0.6104164268518518 0.6118419442708334 0.5723976972222222 0.5120003354166667 0.5621064648148147
5 0.4045035828125 0.6408477824074074 0.40804529739583334 0.6767813018518518 0.4618212546875 0.6400772546296297 0.4606874317708333 0.604907762037037 0.4045035828125 0.6408477824074074
5 0.5136558625 0.5206473472222222 0.4538860911458333 0.5627339453703704 0.45652770781249996 0.6009372601851852 0.5151676583333333 0.5602660203703704 0.6030152942708333 0.5706322046296296 0.6011527729166667 0.542190662962963 0.5136558625 0.5206473472222222
5 0.5155903515625 0.48269810555555553 0.4556147 0.5250249157407408 0.45765924531249996 0.559736100925926 0.5163892234375 0.5186606592592592 0.6043432338541667 0.5418622907407408 0.6021901921875 0.505984512037037 0.5155903515625 0.48269810555555553
5 0.5149073843749999 0.44262008333333336 0.4561113994791667 0.48696280092592586 0.45776996666666664 0.5227216824074074 0.5176209828125 0.4800415268518518 0.6031173510416666 0.5053113574074074 0.6009938468749999 0.46889780555555555 0.5149073843749999 0.44262008333333336
5 0.5142286661458333 0.4045576444444445 0.45579932968750003 0.4497697546296296 0.458076103125 0.4848087953703703 0.5169621151041667 0.4400618759259259 0.6029897890625 0.4684760592592592 0.6013262880208334 0.4315520685185185 0.5142286661458333 0.4045576444444445
5 0.5121688833333333 0.3671727416666667 0.45370217343749997 0.4139242703703704 0.45570930260416664 0.4501739564814815 0.5148123052083333 0.403081175 0.6000848718749999 0.4304475675925926 0.59762555 0.3962769962962963 0.5121688833333333 0.3671727416666667
5 0.5081316218749999 0.32933259537037035 0.45034274843750005 0.378983737962963 0.4523410947916667 0.4150440675925926 0.5102639088541667 0.3659355027777778 0.5966411885416666 0.39484024074074076 0.5940075906250001 0.36044145925925924 0.5081316218749999 0.32933259537037035
5 0.5036062755208334 0.2950176990740741 0.446784690625 0.3444396824074074 0.449294171875 0.37980553796296296 0.5065742380208333 0.32855386296296296 0.5923794661458334 0.35814892129629633 0.5902320625 0.32824430648148145 0.5036062755208334 0.2950176990740741
5 0.5010722515625 0.25678889537037036 0.44498344270833334 0.3079497851851852 0.44738533124999996 0.34334112962962965 0.5037419791666667 0.2932644777777778 0.5904469494791668 0.32805028425925925 0.5883232213541666 0.2917798990740741 0.5010722515625 0.25678889537037036
5 0.4983553703125 0.2192966722222222 0.4430801010416667 0.2716039546296296 0.44471232083333334 0.3067947685185185 0.5006501885416667 0.2547133833333334 0.5877123213541666 0.29032343518518516 0.5857753687499999 0.25558676018518517 0.4983553703125 0.2192966722222222
5 0.4044479947916667 0.6411862074074074 0.4588320755208333 0.6032944805555556 0.45560356875 0.6001841453703705 0.45403734114583333 0.5693760962962964 0.40247543229166666 0.6056931509259259 0.4044479947916667 0.6411862074074074
5 0.4566621953125 0.5603709842592592 0.45500783958333335 0.5293933064814815 0.4001387572916667 0.5693626268518519 0.4020295109375 0.6054484462962962 0.45366340208333333 0.5683495212962963 0.4536702583333333 0.5614617481481482 0.4566621953125 0.5603709842592592
5 0.39905509322916666 0.5694279212962964 0.4554232354166666 0.5283878935185184 0.456707740625 0.5215301240740741 0.45519610833333335 0.49128438055555557 0.3963567317708333 0.5346801944444445 0.39905509322916666 0.5694279212962964
5 0.3927909041666667 0.4999799972222222 0.39471081302083333 0.5343378370370371 0.44828561666666666 0.4898929425925926 0.44619495781249996 0.45653273981481485 0.3927909041666667 0.4999799972222222
5 0.38994637656250003 0.46441472777777776 0.3918921119791667 0.4993407583333333 0.444363921875 0.4568782462962963 0.44250773489583334 0.42154905555555555 0.38994637656250003 0.46441472777777776
5 0.3894767802083334 0.4308609851851852 0.39120083333333333 0.4633527157407407 0.44358490156249997 0.41899848055555555 0.4419591791666667 0.38629294722222224 0.3894767802083334 0.4308609851851852
5 0.3859420333333333 0.3968308888888889 0.3878356369791666 0.4306215787037037 0.4407059494791667 0.3867552666666667 0.4378348598958333 0.3512548351851852 0.3859420333333333 0.3968308888888889
5 0.3842834661458333 0.36107200648148147 0.38601453750000003 0.3960488935185185 0.43808741927083333 0.3496644361111111 0.4358189484375 0.3148157935185185 0.3842834661458333 0.36107200648148147
5 0.3822963494791667 0.3275989888888889 0.3851326572916667 0.35829665 0.43571267864583335 0.314232275 0.4343710359375 0.2789196509259259 0.3822963494791667 0.3275989888888889
5 0.34058429166666665 0.7169347111111111 0.3947475890625 0.685166437962963 0.4737834020833333 0.6999156148148148 0.47205915416666666 0.6861698657407407 0.4055046328125 0.6780272194444444 0.4048638859375 0.6548432472222223 0.3920774692708333 0.653281712962963 0.33928134687499995 0.6841527083333333 0.34058429166666665 0.7169347111111111
5 0.4044762609375 0.6536126796296297 0.40241659947916664 0.6255997870370371 0.3768525484375 0.6226660740740741 0.3305251317708333 0.6546818944444445 0.330948571875 0.6895856981481482 0.37872858697916667 0.6560780518518519 0.3940547927083333 0.6514908648148149 0.4044762609375 0.6536126796296297
5 0.375914571875 0.5836930027777778 0.32874217395833333 0.6185863351851852 0.33054574999999997 0.6527812268518519 0.37797663958333333 0.6187819814814814 0.4025354625 0.6234834787037037 0.40035701927083334 0.5882306342592593 0.375914571875 0.5836930027777778
5 0.37802725781249996 0.5464663629629629 0.3284904760416667 0.5819207703703704 0.3295940375 0.6174282657407407 0.3786658822916667 0.5813191879629629 0.4002534828125 0.5853380759259259 0.3972233052083334 0.5503353388888889 0.37802725781249996 0.5464663629629629
5 0.39655970885416664 0.5477427388888888 0.3940196354166667 0.5351465212962964 0.3929028838541667 0.5134144481481482 0.376902890625 0.5105102962962963 0.3298012338541667 0.5469174333333333 0.3310054109375 0.5799152018518519 0.37848245625000004 0.5445658935185185 0.39655970885416664 0.5477427388888888
5 0.37632947916666665 0.4747182925925926 0.3297431703125 0.5152121601851851 0.33048465364583335 0.5452584148148149 0.3786265833333333 0.5078390787037037 0.3928847057291666 0.5102219462962964 0.38974986145833335 0.4782335796296296 0.37632947916666665 0.4747182925925926
5 0.38978899791666666 0.4743983601851852 0.3897911625 0.4627304259259259 0.389668528125 0.4413362175925926 0.3768294578125 0.4386394657407407 0.32982208281250003 0.47942452500000005 0.3309735640625 0.5112861564814815 0.3784903104166667 0.47210242314814815 0.38978899791666666 0.4743983601851852
5 0.33189308958333336 0.4772286083333333 0.37994078020833333 0.43543227037037036 0.3891516625 0.43956195740740744 0.3890065328125 0.431753937037037 0.38717305 0.429701487962963 0.3861305661458333 0.4048916185185185 0.3777687916666667 0.40266378611111114 0.33026784687500005 0.4445220314814815 0.33189308958333336 0.4772286083333333
5 0.3772169536458333 0.3673368990740741 0.33032366927083334 0.4105817490740741 0.3312253984375 0.44173773240740744 0.3785989 0.401822187962963 0.38560091041666666 0.4028415972222222 0.38398392864583336 0.37032450092592595 0.3772169536458333 0.3673368990740741
5 0.375915771875 0.3322590962962963 0.32894994010416667 0.3762850212962963 0.33024466666666663 0.40887846388888893 0.37762927916666666 0.36685727037037036 0.3836815234375 0.3684836342592593 0.3823166203125 0.3343771814814815 0.375915771875 0.3322590962962963
5 0.28481444270833334 0.723924525 0.28611790937500003 0.7567064046296297 0.3311534958333333 0.7272920138888889 0.32963532291666664 0.6945600722222222 0.28481444270833334 0.723924525
5 0.28226578124999996 0.6923929703703704 0.2847968765625 0.7235458129629629 0.32869017031250003 0.6905760962962962 0.32925579687499995 0.6606030472222222 0.28226578124999996 0.6923929703703704
5 0.28152583124999997 0.6577007574074074 0.28337499947916667 0.6905447916666666 0.32933489010416667 0.6592117259259259 0.3281321546875 0.6246626064814815 0.28152583124999997 0.6577007574074074
5 0.282289003125 0.6554160092592592 0.3277296578125 0.6246027685185186 0.32796724895833335 0.5906538074074074 0.3249139182291667 0.5904209175925926 0.28069836875000004 0.6234669805555555 0.282289003125 0.6554160092592592
5 0.2821208567708334 0.6213373490740741 0.3279925994791667 0.5888551731481481 0.3289640114583333 0.5559162962962962 0.3240217364583333 0.5547917879629629 0.28096933333333335 0.5894747981481482 0.2821208567708334 0.6213373490740741
5 0.32423454791666667 0.519545812037037 0.28022311562499996 0.554647463888889 0.281087471875 0.5873428648148148 0.32512525208333337 0.5528092824074075 0.32924468124999995 0.5525981657407407 0.32916808229166666 0.5204818833333333 0.32423454791666667 0.519545812037037
5 0.28114329322916665 0.5534025814814815 0.32416108854166664 0.5179620231481482 0.3289782052083333 0.5187333092592593 0.32896701614583335 0.5114678675925927 0.3303927442708333 0.5094080962962964 0.32984206718750003 0.48582084166666667 0.3232704265625 0.4846994731481481 0.2793971046875 0.525123987962963 0.28114329322916665 0.5534025814814815
5 0.2807007703125 0.5204325351851852 0.3247320109375 0.4834127527777778 0.32942090677083335 0.48539277314814816 0.32986019375000003 0.47684225092592597 0.33133914062500003 0.4759184925925926 0.33034048489583334 0.45205356574074074 0.32373375625 0.4501756925925926 0.28049023020833336 0.487773675 0.2807007703125 0.5204325351851852
5 0.2811984635416667 0.48664963333333333 0.32526711979166667 0.44809135 0.33006438541666666 0.45077984814814814 0.32975079218750003 0.44167353981481483 0.3306654270833333 0.440309162037037 0.3298708885416667 0.41849982407407404 0.3229150765625 0.4161312712962963 0.280189140625 0.45551914074074074 0.2811984635416667 0.48664963333333333
5 0.3220793541666667 0.381708012962963 0.278717125 0.42143713425925927 0.2797878833333333 0.4538922009259259 0.32381214687500004 0.4143881805555556 0.32943454322916665 0.4161163796296296 0.3288111984375 0.3839381898148148 0.3220793541666667 0.381708012962963
5 0.24177025572916666 0.7536161527777777 0.24290417135416667 0.7850990722222223 0.2850444635416666 0.7583240046296296 0.28388412447916667 0.7268064555555556 0.24177025572916666 0.7536161527777777
5 0.24181496666666666 0.7217815185185186 0.24258279843750002 0.7523958416666666 0.2832819640625 0.7255384296296297 0.2822574052083333 0.6917342194444445 0.24181496666666666 0.7217815185185186
5 0.24117405625000002 0.6892246175925926 0.2421746390625 0.7201666731481481 0.28232986666666665 0.6909513055555555 0.2811954286458333 0.6594685092592593 0.24117405625000002 0.6892246175925926
5 0.23998845729166665 0.6566387768518519 0.241248053125 0.6884747953703704 0.28110377239583334 0.6591658972222223 0.2802799114583333 0.6256700638888889 0.23998845729166665 0.6566387768518519
5 0.23869425312499998 0.6240452101851852 0.240337540625 0.6571294564814815 0.28101473645833336 0.6256316546296297 0.28008641458333333 0.5933900388888889 0.23869425312499998 0.6240452101851852
5 0.2375597723958333 0.5925614962962963 0.23847028489583336 0.6239068342592593 0.2796498526041667 0.5926868277777777 0.2790705947916667 0.5597742666666666 0.2375597723958333 0.5925614962962963
5 0.23640978385416667 0.5607320361111111 0.23788404270833335 0.5925171990740741 0.2788591875 0.5575614935185186 0.278047484375 0.5260013092592593 0.23640978385416667 0.5607320361111111
5 0.237638659375 0.5591185027777777 0.279163221875 0.5259785990740741 0.27953075677083333 0.49238358518518516 0.2774710635416667 0.4924896027777778 0.2367281473958333 0.5277731648148147 0.237638659375 0.5591185027777777
5 0.23787553333333333 0.5267365194444444 0.27981844635416664 0.49155061018518514 0.2792851286458333 0.45896821944444444 0.2766528635416667 0.45844413796296296 0.235782546875 0.49567132037037037 0.23787553333333333 0.5267365194444444
5 0.27505020677083336 0.42623589444444443 0.234636565625 0.46392826666666664 0.23613889322916667 0.4939847768518518 0.27605952864583333 0.457366387037037 0.27935435052083335 0.4581154462962963 0.2781035369791667 0.4264687833333333 0.27505020677083336 0.42623589444444443
4 0.7089290177083334 0.19318591666666668 0.7010148625 0.20060880925925925 0.6454663239583333 0.17015654629629628 0.6443953697916667 0.15644746203703702 0.6114658687500001 0.13995676666666668 0.6032464161458333 0.14783300185185183 0.5369531484375 0.11147703333333334 0.5367160645833333 0.09699608703703703 0.5116635083333334 0.08399484629629629 0.20502729583333332 0.39251804351851854 0.20706571666666665 0.48097980833333337 0.2349633171875 0.4873780638888888 0.23384880833333332 0.4633491472222222 0.27361793802083334 0.4258094657407407 0.27800472760416667 0.42668362962962963 0.278099325 0.42168757962962966 0.32079895572916667 0.3817325611111111 0.3284630005208333 0.3829770722222222 0.3287833296875 0.3758235972222222 0.3757228130208333 0.33122960462962964 0.3822136890625 0.33294348888888886 0.38204680416666664 0.32508765092592595 0.4341036901041667 0.2764116009259259 0.44272223541666667 0.2818302388888889 0.4425267375 0.27059107777777774 0.4972822833333333 0.21744973981481483 0.5864362026041667 0.25352048055555554 0.5876583041666666 0.2775239074074074 0.6008679083333334 0.2671253972222222 0.7022213510416666 0.3133134268518519 0.7030571484375 0.3196186935185185 0.734091684375 0.29524236574074075 0.7276994291666666 0.20193793333333335 0.7089290177083334 0.19318591666666668
0 0.6065080505208333 0.4667792231481481 0.601349046875 0.4702717342592592 0.6054409588541667 0.5411096972222222 0.6033513598958333 0.5447262787037037 0.6041650802083333 0.5692260564814815 0.6130121177083333 0.5722394222222222 0.61428795 0.6136583009259259 0.5107811427083333 0.6799021722222223 0.5129621083333333 0.7338799111111111 0.6204630255208333 0.6737850351851853 0.7243635609375 0.6903362944444444 0.7106922796874999 0.4985772842592593 0.6065080505208333 0.4667792231481481
0 0.5937383041666667 0.35832417685185186 0.5959414958333333 0.36064031574074074 0.6009251484375 0.42984796759259264 0.6028523604166666 0.4296748296296296 0.6039719802083333 0.4677257444444444 0.6130239817708334 0.46472999074074073 0.715779384375 0.4970068814814815 0.7016551932291667 0.3141649787037037 0.5992056046875 0.26762515462962966 0.5874883848958333 0.2791997398148148 0.5937383041666667 0.35832417685185186
0 0.414735315625 0.7407811240740741 0.41615187812500004 0.7886950277777778 0.5125237619791666 0.7354948083333334 0.5088815244791667 0.6812963851851852 0.49381783229166665 0.6902569518518518 0.4762290432291667 0.6864774277777778 0.4743672375 0.701961163888889 0.41956571770833334 0.7336761916666666 0.414735315625 0.7407811240740741
0 0.40766945104166663 0.7935426972222223 0.4148253270833333 0.7938835046296296 0.4132740015625 0.7405595175925925 0.32858311093750003 0.7918436361111112 0.3300939130208333 0.8383170953703704 0.40766945104166663 0.7935426972222223