6 0.4830217947916667 0.2881655342592592 0.4016298895833333 0.29232451388888886 0.35090311979166666 0.3370497111111111 0.42970427916666665 0.33284225185185184 0.4830217947916667 0.2881655342592592
6 0.5856467161458333 0.19764646111111112 0.5042077177083333 0.20897226759259258 0.4618540015625 0.24720922129629627 0.5435500895833333 0.23540283518518518 0.5856467161458333 0.19764646111111112
6 0.63860198125 0.15700512962962962 0.558502465625 0.1682751425925926 0.5159404375 0.2036868666666667 0.5975377171874999 0.19192499351851852 0.63860198125 0.15700512962962962
6 0.5388513432291667 0.23658441944444444 0.45264867864583336 0.24868333425925923 0.409409515625 0.28942722870370374 0.496332409375 0.2776121194444444 0.5388513432291667 0.23658441944444444
5 0.4836070234375 0.28886260555555554 0.42935635572916664 0.33464848333333336 0.3488689421875 0.33824746481481477 0.35412335208333334 0.3718235703703704 0.43504398489583335 0.3689418185185185 0.48747294479166664 0.31923274351851855 0.4836070234375 0.28886260555555554
5 0.4881491223958333 0.3234891259259259 0.4349390442708333 0.37026624444444445 0.35401841250000005 0.37314799722222225 0.3578981010416667 0.4055195648148148 0.43873359270833334 0.40468285092592593 0.49137453125 0.3574325888888889 0.4881491223958333 0.3234891259259259
5 0.49216295885416667 0.3570774148148148 0.4397716203125 0.4065866851851852 0.35915909166666665 0.4068672388888889 0.3629578677083333 0.4382709666666667 0.4445522145833333 0.44055909259259257 0.49605621614583334 0.3914486064814815 0.49216295885416667 0.3570774148148148
5 0.496444990625 0.39309824444444447 0.4432648130208333 0.4429638203703704 0.363658690625 0.4408743277777778 0.3671879182291667 0.4719437638888889 0.4486204963541667 0.47558191666666666 0.5012719005208334 0.4246783388888889 0.496444990625 0.39309824444444447
5 0.5007350255208334 0.4263792546296296 0.44823953802083333 0.4777611629629629 0.36720117395833335 0.47394542314814814 0.3715545796875 0.5059197851851852 0.4531380484375 0.511862361111111 0.5042588145833333 0.45927591481481483 0.5007350255208334 0.4263792546296296
5 0.503954384375 0.4621492703703704 0.45291578385416664 0.5136044055555555 0.3719002640625 0.5071785916666667 0.37635684375 0.5391529009259259 0.4574826270833333 0.5465788083333334 0.5075411322916666 0.49374041574074073 0.503954384375 0.4621492703703704
5 0.5087434916666667 0.49338162777777783 0.45625562239583334 0.5485906166666666 0.3774357484375 0.5404916462962963 0.38069360625000004 0.5700404638888888 0.4615951739583333 0.5801216833333334 0.5129951130208333 0.5263142296296296 0.5087434916666667 0.49338162777777783
5 0.5135240854166666 0.5273540361111111 0.46135677812500003 0.580776699074074 0.381035025 0.571255713888889 0.3851843338541666 0.6023196249999999 0.4661206286458333 0.6136614055555556 0.5169706354166667 0.559555013888889 0.5135240854166666 0.5273540361111111
5 0.517937475 0.558936612037037 0.46562760572916667 0.6138835037037037 0.3860301817708333 0.6024852583333333 0.39026577083333336 0.6343317333333333 0.4710217020833333 0.6468500092592593 0.5211048520833333 0.5923585953703704 0.517937475 0.558936612037037
5 0.5215595614583334 0.5917889907407408 0.4709395359375 0.6479813194444445 0.3913122130208333 0.6334946157407407 0.39501646510416666 0.6652156842592593 0.4753913390625 0.6799123027777778 0.52595384375 0.6231982638888889 0.5215595614583334 0.5917889907407408
5 0.5387510239583333 0.23834069259259258 0.4951704015625 0.2785903564814815 0.48413325052083334 0.28173764074074076 0.48775831249999996 0.31367629166666666 0.49963289739583333 0.3134355935185185 0.5442518317708332 0.26852196296296293 0.5387510239583333 0.23834069259259258
5 0.4985676609375 0.3140973759259259 0.4934271671875 0.3144064009259259 0.48803483697916666 0.3199374861111111 0.4927628375 0.3515611898148148 0.5394825729166667 0.30880310925925925 0.53611265 0.2772971435185185 0.4985676609375 0.3140973759259259
5 0.5463939526041667 0.34144992037037036 0.5421418192708334 0.3085175490740741 0.49263691875 0.35417221944444444 0.4968340947916667 0.3856702861111111 0.5463939526041667 0.34144992037037036
5 0.5528556494791667 0.3728402435185185 0.5489573651041667 0.3402951444444444 0.49992586875 0.3855546444444445 0.5037618046875 0.41940593148148153 0.5528556494791667 0.3728402435185185
5 0.5580551020833333 0.40498204537037036 0.5547481385416667 0.3721705638888889 0.5053983859375 0.4187596324074074 0.5092516354166666 0.45324074814814813 0.5580551020833333 0.40498204537037036
5 0.5624086072916668 0.4369573092592593 0.5595533781250001 0.4044899518518519 0.5111069932291666 0.45176636388888886 0.5143114026041666 0.48599215 0.5624086072916668 0.4369573092592593
5 0.5659131901041667 0.4696797648148148 0.56276204375 0.4373457138888889 0.5142484432291667 0.4872976648148148 0.5181084135416667 0.5194952583333333 0.5659131901041667 0.4696797648148148
5 0.5704662651041666 0.500652738888889 0.5667782442708333 0.47001960277777777 0.5182629421875 0.5190154046296297 0.522913653125 0.5518146462962963 0.5704662651041666 0.500652738888889
5 0.5733927828125 0.5356432361111111 0.5706796036458334 0.5016518777777778 0.5219999692708334 0.5529103 0.5268070098958334 0.5861867407407407 0.5733927828125 0.5356432361111111
5 0.5770695 0.5633614462962963 0.5736282031250001 0.5359019481481481 0.5272395375 0.5863566592592592 0.5298210333333333 0.618217799074074 0.5770695 0.5633614462962963
5 0.5877908286458333 0.19668057314814816 0.5443851317708333 0.2375809675925926 0.5411124817708333 0.2388733351851852 0.5436142749999999 0.27095228703703705 0.5486590338541667 0.2697749481481481 0.5910216765625 0.22879681203703706 0.5877908286458333 0.19668057314814816
5 0.5910131630208333 0.2315368611111111 0.5466844786458334 0.2715768416666667 0.543159565625 0.2715218916666667 0.5448483854166667 0.30560994166666666 0.5503226963541666 0.30551625000000004 0.5940302604166666 0.2626550953703704 0.5910131630208333 0.2315368611111111
5 0.5949558109375 0.26260291481481485 0.5510924291666667 0.3049866407407408 0.5466366260416666 0.30681200000000003 0.548454240625 0.3373743898148148 0.5534930489583334 0.3380245055555555 0.5974355213541667 0.2954222925925926 0.5949558109375 0.26260291481481485
5 0.5981256510416666 0.2951114009259259 0.5534713786458333 0.3387637981481481 0.5497290416666666 0.33743868796296295 0.5532757109375 0.37078170833333335 0.5576847854166667 0.3713497962962963 0.6011784994791667 0.32748973425925926 0.5981256510416666 0.2951114009259259
5 0.6011342354166668 0.3289696833333333 0.5580190151041666 0.3715639981481481 0.55526334375 0.3712089416666667 0.5585708984375 0.4037918222222222 0.5610522447916666 0.40376925925925927 0.6046664380208333 0.3591253916666666 0.6011342354166668 0.3289696833333333
5 0.6080333854166666 0.39154508425925927 0.6048388994791666 0.3606896185185185 0.5603399328125 0.404819675 0.56374868125 0.43667291574074074 0.6080333854166666 0.39154508425925927
5 0.6113050109375 0.4230953314814815 0.607477403125 0.39307269814814816 0.5637744661458334 0.43784749814814816 0.5675703375 0.46852300462962965 0.6113050109375 0.4230953314814815
5 0.6147000911458333 0.45294804537037037 0.6116170588541666 0.42404905555555555 0.5682933421875 0.47038684259259256 0.5713103401041667 0.5015041731481481 0.6147000911458333 0.45294804537037037
5 0.6193352328124999 0.48278880648148154 0.6154638729166667 0.45424589259259257 0.572055015625 0.5026287175925926 0.5747654046875 0.5309651000000001 0.6193352328124999 0.48278880648148154
5 0.6225494375 0.5138182462962964 0.6194861234375 0.4850932296296296 0.5762198281249999 0.531951824074074 0.5798552557291666 0.5602362564814815 0.6225494375 0.5138182462962964
5 0.6396234369791666 0.1561802148148148 0.5985728406249999 0.19310060370370372 0.5901984234375 0.19504836944444445 0.5925631927083334 0.22682523055555556 0.6014527161458333 0.22391494074074075 0.6417531979166667 0.1876972324074074 0.6396234369791666 0.1561802148148148
5 0.6416706197916666 0.188829675 0.6027317026041668 0.22425116574074075 0.5938612875 0.2273347574074074 0.5959744052083333 0.25776497407407406 0.6057871140625 0.25571690462962965 0.6458899776041667 0.2195882185185185 0.6416706197916666 0.188829675
5 0.6453560776041667 0.2203754064814815 0.6041275817708333 0.2575587925925926 0.5969831526041667 0.2579946037037037 0.5979262661458333 0.28954498796296296 0.6063994927083333 0.2875527120370371 0.6480826984375 0.24979972037037038 0.6453560776041667 0.2203754064814815
5 0.6472720885416667 0.2508944175925926 0.6056600713541667 0.29116964444444443 0.5987756380208332 0.29185309722222225 0.6014686499999999 0.32261518055555555 0.6083674854166666 0.3204197546296296 0.6502724432291667 0.2809249490740741 0.6472720885416667 0.2508944175925926
5 0.6505432020833334 0.2824448944444444 0.6103558088541666 0.32061929074074075 0.6024444807291667 0.3239548824074074 0.6042199161458334 0.35038647314814814 0.6128929401041667 0.35395947685185186 0.6531302359375 0.31247971203703706 0.6505432020833334 0.2824448944444444
5 0.6523141875 0.31540163425925927 0.6120032401041667 0.35527265925925927 0.6056603869791667 0.3559404722222222 0.6078939838541667 0.3855868851851852 0.6146693645833333 0.38508899166666666 0.656163365625 0.34468407222222225 0.6523141875 0.31540163425925927
5 0.6553311859375001 0.3465189648148148 0.6148448015625 0.38573949074074076 0.608258184375 0.3872475935185185 0.6109985864583333 0.41374568055555555 0.61802305625 0.4155070240740741 0.6588492093749999 0.37467437685185184 0.6553311859375001 0.3465189648148148
5 0.6578798067708332 0.37620537314814817 0.6172891739583334 0.4172976361111111 0.6114681750000001 0.41636225462962967 0.6148944072916667 0.44720427777777777 0.6208016583333333 0.44727937037037035 0.6614991020833333 0.4034027768518519 0.6578798067708332 0.37620537314814817
5 0.6608065088541667 0.40462716574074076 0.6197335458333334 0.4488557814814815 0.6156779078125 0.4486760972222222 0.6188752692708334 0.47861693240740744 0.6238378630208333 0.47857090462962965 0.6636480703125 0.43509399722222225 0.6608065088541667 0.40462716574074076
5 0.6628813135416666 0.4347098777777778 0.6229285442708333 0.4797110175925926 0.6193018385416666 0.47920072592592594 0.622171540625 0.5085141592592592 0.6261043348958334 0.5103920481481482 0.6664728885416668 0.4644731268518518 0.6628813135416666 0.4347098777777778
4 0.3832984963541667 0.5932428074074074 0.26640205 0.7109844953703703 0.2788746859375 0.8006472407407408 0.5013241802083334 0.8730936064814815 0.7866503114583333 0.5048463370370371 0.7792757203124999 0.417306825 0.6621504489583334 0.4158808824074074 0.6674398276041666 0.46385562685185183 0.6264163828125 0.5113457722222222 0.6226076625 0.5091846037037037 0.6234510229166667 0.5142505833333333 0.5810046734375 0.5634769675925926 0.5780687171875001 0.5640700370370371 0.5312581453124999 0.6189110342592592 0.5254304973958334 0.6186172249999999 0.5258275015625 0.624094612962963 0.47544735260416665 0.6816388907407407 0.3941847020833333 0.6656993361111111 0.3832984963541667 0.5932428074074074