6 0.63525470625 0.6245250916666666 0.5584545692708333 0.6477149462962963 0.6157546187499999 0.6890804416666666 0.69118561875 0.6642122425925926 0.63525470625 0.6245250916666666
5 0.6151160984375 0.6891541351851852 0.5576934583333333 0.6475337490740741 0.5566440036458334 0.6813194324074073 0.6137727244791668 0.724898437037037 0.6907796234375 0.6977006268518519 0.6918202244791666 0.6643633240740741 0.6151160984375 0.6891541351851852
5 0.6142537265625 0.7263653416666667 0.5564948354166667 0.6824106055555555 0.5554497979166667 0.7159725601851852 0.6133268609375 0.7604059175925926 0.6899792619791667 0.7317713194444445 0.6912689578125 0.6987190268518518 0.6142537265625 0.7263653416666667
5 0.6132958645833334 0.761975712962963 0.5558170640625 0.7167361916666667 0.554894634375 0.7505521166666667 0.6115896432291666 0.7967326509259259 0.6880195286458334 0.7664669796296296 0.6895677109374999 0.7332505166666667 0.6132958645833334 0.761975712962963
5 0.61207508125 0.7979749055555556 0.5550905895833333 0.7535283351851852 0.55432618125 0.7858047064814815 0.6106583598958333 0.8309969574074074 0.6872418494791667 0.7994154611111111 0.6881244114583333 0.7676186342592592 0.61207508125 0.7979749055555556
5 0.6106362171874999 0.8321183722222223 0.5540411348958333 0.7873140194444445 0.5532811619791667 0.8193657388888889 0.6084318072916666 0.8663052925925926 0.685698103125 0.8324072731481482 0.6869656380208333 0.8004773148148148 0.6106362171874999 0.8321183722222223
2 0.556510475 0.655817887037037 0.5565650822916666 0.6465889194444444 0.6145004296875 0.6299527675925926 0.6152299088541666 0.5994718888888888 0.5075228380208333 0.6265733518518518 0.4335373838541667 0.5717688074074074 0.4327311557291667 0.6126000675925926 0.5065239328125 0.6700635268518518 0.556510475 0.655817887037037
2 0.5081413697916667 0.672702887962963 0.43342581927083335 0.6161464277777777 0.4324970015625 0.6567227962962963 0.50704174375 0.715492887962963 0.5555277052083334 0.6997623935185185 0.556587984375 0.6589916138888889 0.5081413697916667 0.672702887962963
2 0.50574205625 0.7167606462962963 0.43309173958333336 0.658892975925926 0.4311571348958333 0.6987794064814815 0.5046512833333333 0.7591022648148149 0.55415240625 0.7436134490740741 0.5556148630208334 0.7018117314814815 0.50574205625 0.7167606462962963
2 0.5046291411458333 0.7602236796296296 0.4321451963541667 0.7003670277777778 0.4308624020833333 0.7395067324074074 0.5037919161458333 0.8026247361111111 0.5534727005208333 0.7844739064814814 0.55440151875 0.743897537962963 0.5046291411458333 0.7602236796296296
3 0.4336688453125 0.5715743962962962 0.5063988796875 0.6254047916666667 0.6146348963541667 0.5979778407407407 0.540543128125 0.5485575574074074 0.4336688453125 0.5715743962962962
1 0.44152197812500005 0.4636744666666667 0.33109710468750003 0.47930975833333334 0.4111448635416667 0.536909950925926 0.5215268828125 0.5169815722222222 0.44152197812500005 0.4636744666666667
0 0.4309699276041667 0.7140616490740741 0.43265004375 0.5708813611111111 0.5219774880208333 0.5522519861111111 0.5223972932291666 0.5180906944444444 0.4120014640625 0.5386919824074073 0.33043592031249996 0.48050474351851846 0.3299827796875 0.6519268981481482 0.40931032916666665 0.7201747731481482 0.4309699276041667 0.7140616490740741
4 0.6323417473958333 1 0.7704337458333333 0.9235504148148148 0.7755877989583334 0.8303347249999999 0.6889517661458334 0.7659812703703703 0.6867219338541666 0.8337462518518519 0.6097442442708334 0.8701929833333333 0.5529633244791667 0.8199662675925926 0.5536410776041667 0.7856416027777777 0.5043957817708333 0.8036704018518518 0.430736171875 0.7388004842592593 0.4310659380208334 0.7156626055555556 0.40953284479166663 0.7218058472222222 0.32996505416666666 0.6528245824074075 0.32972666145833335 0.6261704601851852 0.28453661458333335 0.6344991055555556 0.24792904895833334 0.6424631342592593 0.24771479166666666 0.730769075 0.5185261119791666 1 0.6323417473958333 1