3 0.4036354166666667 0.41567314814814815 0.4790598958333333 0.44980462962962964 0.5958536458333333 0.4026703703703704 0.5188291666666667 0.37260185185185185
1 0.3031802083333333 0.29632870370370373 0.38989479166666663 0.3300148148148148 0.5112953125 0.291475 0.4223322916666667 0.26264166666666666
1 0.514025 0.28576574074074074 0.6135864583333334 0.3168833333333333 0.7145734375 0.2800564814814815 0.6158151041666666 0.25350648148148147
0 0.5132026041666667 0.2860509259259259 0.5133635416666666 0.37340833333333334 0.5185020833333334 0.37141018518518515 0.5970270833333333 0.39995740740740743 0.5965453125 0.5121518518518519 0.6119609374999999 0.5152916666666667 0.7102375 0.46704537037037036 0.7145734375 0.28034166666666666 0.6111583333333334 0.3188814814814815
0 0.5125604166666666 0.29347407407407405 0.5124 0.372837037037037 0.4014375 0.41594444444444445 0.39951041666666665 0.5321351851851852 0.3929359375 0.5352759259259259 0.3062375 0.4898842592592593 0.3022229166666667 0.2966138888888889 0.39086458333333335 0.3320138888888889
0 0.307040625 0.4927388888888889 0.3104125 0.6734481481481481 0.396003125 0.7314 0.39873333333333333 0.7285453703703704 0.3972880208333333 0.6457564814814815 0.39760885416666664 0.5544027777777778 0.39969635416666666 0.5521185185185186 0.40001770833333333 0.533562962962963 0.3926307291666667 0.5375592592592592
0 0.5943208333333333 0.5135805555555556 0.5911760416666667 0.698061111111111 0.60785625 0.7077833333333333 0.7071145833333333 0.6436157407407408 0.7103958333333333 0.46569814814814814 0.6094968749999999 0.515525
2 0.5958244791666666 0.40250277777777776 0.5958244791666666 0.4467398148148148 0.48015989583333335 0.4972953703703703 0.4016828125 0.4613231481481481 0.4022296875 0.4170861111111111 0.47906614583333335 0.45038518518518517
2 0.40113593750000004 0.4639962962962963 0.4015458333333333 0.5094481481481481 0.4783822916666667 0.54615 0.5947307291666667 0.4912185185185185 0.5944572916666666 0.4481981481481481 0.47797239583333334 0.5004555555555555
2 0.4005890625 0.5113925925925926 0.40072552083333335 0.5575731481481482 0.47920260416666666 0.5954907407407407 0.5929536458333333 0.535212037037037 0.5930901041666666 0.49364907407407405 0.47646822916666665 0.550525
2 0.3988114583333333 0.557087037037037 0.398675 0.600837962962963 0.4761947916666667 0.6438592592592594 0.5909026041666666 0.5821222222222222 0.5909026041666666 0.5381287037037037 0.4744177083333333 0.5984074074074074
2 0.3989484375 0.6015666666666667 0.3989484375 0.6462898148148148 0.47576822916666667 0.6917416666666667 0.5915697916666667 0.6263592592592592 0.5914333333333333 0.5828518518518518 0.4759052083333334 0.6467759259259259
2 0.39688124999999996 0.6475046296296296 0.39756458333333333 0.6914981481481481 0.4748114583333333 0.7405953703703704 0.5892458333333334 0.6693796296296296 0.5889723958333334 0.6261157407407408 0.47467447916666666 0.6922277777777778
2 0.39920520833333334 0.6929564814814815 0.399615625 0.7374361111111112 0.47604166666666664 0.7872629629629629 0.5896557291666666 0.7141027777777778 0.5896557291666666 0.6732685185185185 0.47604166666666664 0.7408388888888889
4 0.3102463541666667 0.6491101851851852 0.3102463541666667 0.6757175925925926 0.4764390625 0.7899074074074074 0.5911833333333333 0.7128564814814815 0.5902479166666666 0.7001074074074074 0.60895625 0.7106398148148148 0.7087338541666667 0.6435666666666667 0.7087338541666667 0.609199074074074 0.7551682291666667 0.6308175925925926 0.7529854166666666 0.7239435185185186 0.4361911458333333 0.9572453703703704 0.22696927083333335 0.7854064814814815 0.22634583333333333 0.6895083333333333