6 0.34808229166666665 0.3650379629629629 0.4249046875 0.3956185185185185 0.481353125 0.3754296296296296 0.402025 0.3436611111111111
6 0.4652140625 0.32608425925925927 0.5456541666666667 0.3505129629629629 0.5904880208333334 0.3321472222222222 0.5103484375 0.3073620370370371
6 0.522284375 0.3073620370370371 0.6026239583333334 0.3317907407407407 0.6461541666666667 0.3157425925925926 0.56731875 0.2914925925925926
6 0.40987447916666664 0.34425462962962966 0.49538125 0.37097592592592593 0.5409739583333334 0.3495990740740741 0.45613489583333333 0.3234722222222222
5 0.3459828125 0.36531296296296295 0.3474875 0.40043981481481483 0.4262223958333333 0.4332490740740741 0.4823473958333333 0.40775092592592593 0.48184583333333336 0.37636851851851855 0.42437447916666665 0.3972305555555556
5 0.3472442708333333 0.40168796296296294 0.34754531250000004 0.4350324074074074 0.4259791666666667 0.4698027777777778 0.482046875 0.44680092592592596 0.48254791666666663 0.41220833333333334 0.4259791666666667 0.4344972222222222
5 0.34862343749999997 0.43690462962962967 0.34894947916666663 0.4692675925925926 0.42778489583333335 0.507425925925926 0.4829494791666667 0.4821055555555555 0.48284895833333336 0.44680092592592596 0.42678177083333335 0.47212037037037036
5 0.34935052083333334 0.47212037037037036 0.3494510416666667 0.504037962962963 0.4279854166666667 0.5434444444444444 0.48445364583333334 0.5168768518518518 0.48315 0.4838888888888889 0.4262802083333333 0.5092092592592593
5 0.34924999999999995 0.506 0.35005260416666667 0.5391648148148148 0.42848697916666667 0.5808898148148148 0.4836515625 0.5520037037037037 0.4837515625 0.5183027777777778 0.42738333333333334 0.5454064814814815
5 0.350253125 0.5405472222222223 0.3511557291666667 0.5737574074074074 0.42898802083333337 0.6167305555555556 0.48315 0.5871305555555556 0.4830494791666667 0.5546777777777778 0.42808541666666666 0.5824944444444445
5 0.3520583333333333 0.5755407407407407 0.3520583333333333 0.6058527777777778 0.4293895833333333 0.6513222222222222 0.48495520833333333 0.6213657407407408 0.4843536458333333 0.5873092592592593 0.42758385416666667 0.6181564814814815
5 0.352259375 0.6071907407407408 0.35296145833333337 0.6393759259259258 0.43019166666666664 0.6860925925925926 0.48525625 0.6556018518518518 0.48535677083333334 0.6226148148148148 0.42908854166666666 0.6518574074074074
5 0.3537635416666667 0.6399101851851852 0.35446562499999995 0.6728981481481482 0.4313953125 0.7206851851851852 0.4857578125 0.6894805555555555 0.48625937500000005 0.6554231481481482 0.42969010416666664 0.6860925925925926
5 0.35556927083333334 0.6725407407407408 0.35576979166666667 0.7051722222222222 0.4320973958333333 0.7549203703703703 0.48716197916666665 0.7217546296296297 0.48625937500000005 0.6891240740740741 0.4311947916666667 0.7217546296296297
5 0.48311718750000004 0.36963703703703704 0.48321770833333333 0.4024462962962963 0.4947520833333333 0.4074388888888889 0.5427953124999999 0.38318888888888886 0.5406890625 0.3512712962962963 0.49415052083333333 0.3714203703703704
5 0.48281666666666667 0.408687037037037 0.48401979166666664 0.44167407407407405 0.53386875 0.4204555555555555 0.5339692708333333 0.38818148148148146 0.49364895833333333 0.4076166666666667 0.48863385416666666 0.40565555555555555
5 0.48361875 0.4441703703703704 0.4843208333333333 0.476800925925926 0.5370786458333333 0.4554037037037037 0.5364765625000001 0.4213472222222222
5 0.4873296875 0.4780490740740741 0.48743020833333334 0.5128203703703704 0.5399869791666667 0.4889259259259259 0.5396864583333334 0.4554037037037037
5 0.48908541666666666 0.5129092592592592 0.48913541666666666 0.5483037037037037 0.5415916666666667 0.5226268518518519 0.5418927083333334 0.4891046296296296
5 0.4910911458333333 0.5476796296296297 0.49053958333333336 0.5825388888888889 0.5423942708333332 0.5557925925925926 0.5430963541666666 0.5228055555555555
5 0.49033906250000003 0.583787037037037 0.49063958333333335 0.6169527777777778 0.5422942708333333 0.5893148148148148 0.5426953124999999 0.5563277777777778
5 0.490840625 0.6165518518518518 0.4918432291666667 0.6506537037037037 0.5433973958333334 0.621588888888889 0.5430963541666666 0.5900277777777778
5 0.490840625 0.6513222222222222 0.49194375 0.6859592592592593 0.5424947916666666 0.6570731481481482 0.5434973958333333 0.6226592592592592
5 0.49234479166666667 0.6863157407407408 0.49144218749999996 0.7185898148148148 0.5430963541666666 0.6857805555555556 0.5426953124999999 0.6574296296296296
5 0.5429208333333333 0.35283148148148147 0.5419177083333333 0.3852833333333333 0.5469328125 0.3863537037037037 0.59236875 0.3649564814814815 0.5926692708333333 0.3321472222222222 0.5462307291666666 0.35300925925925924
5 0.5414161458333333 0.3856398148148148 0.5394104166666666 0.4196972222222222 0.5447260416666667 0.4220157407407407 0.5916666666666667 0.3993703703703704 0.5920677083333333 0.36763055555555557 0.5448265625000001 0.3872453703703704
5 0.5410151041666666 0.42165925925925923 0.5395109375 0.4523277777777778 0.5443250000000001 0.45518148148148146 0.591465625 0.4328925925925926 0.5925692708333333 0.39972685185185186 0.5455286458333333 0.42183703703703707
5 0.5407395833333334 0.4529518518518518 0.5406140625 0.4870990740740741 0.5448265625000001 0.4895953703703704 0.5916666666666667 0.4658796296296296 0.5921677083333333 0.4328925925925926 0.5442250000000001 0.45589444444444444
5 0.5424947916666666 0.4883916666666666 0.54221875 0.5216907407407407 0.5446260416666667 0.5227611111111111 0.5916666666666667 0.49833240740740736 0.591465625 0.46730648148148146 0.5451276041666666 0.48995185185185186
5 0.5438234375000001 0.5234740740740741 0.5437234375000001 0.5561046296296296 0.591465625 0.5314981481481482 0.5916666666666667 0.49993703703703707
5 0.5436229166666667 0.5572638888888889 0.5440239583333334 0.588913888888889 0.5912651041666667 0.5637722222222222 0.5907635416666667 0.5327462962962963
5 0.5445255208333334 0.5910537037037037 0.5441244791666667 0.6227925925925926 0.591365625 0.5944416666666666 0.591465625 0.5648416666666667
5 0.5447260416666667 0.6242194444444444 0.5443250000000001 0.6531055555555556 0.5926692708333333 0.6256453703703704 0.5919671875 0.5960462962962964
5 0.5456291666666666 0.6547101851851852 0.5461302083333333 0.6839527777777777 0.59246875 0.6573851851851852 0.5925692708333333 0.6279638888888889
5 0.5951770833333333 0.33161203703703707 0.5940734375000001 0.36370833333333336 0.603 0.36477777777777776 0.6459286458333333 0.34712499999999996 0.6472322916666666 0.31538611111111114 0.6035015625 0.33339537037037037
5 0.5952770833333333 0.36477777777777776 0.5940734375000001 0.3954472222222222 0.6038026041666666 0.3977657407407407 0.6465302083333333 0.38011296296296293 0.6457276041666666 0.34819537037037035 0.6042036458333333 0.36566944444444444
5 0.5950265625 0.39611574074074074 0.5925692708333333 0.4273648148148148 0.6009942708333333 0.42914814814814817 0.6454270833333333 0.4106037037037037 0.6459286458333333 0.3806472222222222 0.6019973958333333 0.3988351851851852
5 0.5931458333333333 0.42999444444444446 0.59246875 0.46124351851851847 0.5993895833333334 0.4621351851851852 0.6442234375000001 0.44198611111111114 0.6445244791666667 0.41131666666666666 0.5998911458333333 0.4323574074074074
5 0.5932713541666667 0.4629824074074074 0.5921677083333333 0.4895953703703704 0.6001916666666667 0.49690555555555554 0.6436213541666667 0.4740824074074074 0.6443234375000001 0.44359074074074073 0.6012953125 0.46320555555555554
5 0.5929703125 0.4956574074074074 0.5919671875 0.5256138888888889 0.5985869791666667 0.5281101851851853 0.6431197916666667 0.5068907407407407 0.6425182291666667 0.47657870370370375 0.5991890625 0.4977972222222222
5 0.5921427083333334 0.5273972222222223 0.5919671875 0.5545 0.5985869791666667 0.5593138888888889 0.6425182291666667 0.5373824074074075 0.6421171875 0.5083175925925926 0.5986875 0.5288231481481481
5 0.5921427083333334 0.5572638888888889 0.5921677083333333 0.588913888888889 0.5978848958333334 0.5915879629629629 0.6420166666666667 0.566625 0.6414151041666667 0.5384518518518518 0.597684375 0.5607407407407408
5 0.5927697916666667 0.5906972222222222 0.5926692708333333 0.6213657407407408 0.5974838541666667 0.6235055555555555 0.6407130208333334 0.5985425925925927 0.6412145833333334 0.5675166666666667 0.5966812499999999 0.5926583333333334
5 0.5930203125 0.6221240740740741 0.5926692708333333 0.6520351851851852 0.5962802083333333 0.6556018518518518 0.6403114583333332 0.6284981481481482 0.6400109374999999 0.5978296296296296 0.5964807291666666 0.6242194444444444
4 0.5930203125 0.6528824074074074 0.5964807291666666 0.6566712962962963 0.6413145833333334 0.6283203703703704 0.6413145833333334 0.5791064814814815 0.754678125 0.6320648148148148 0.7524713541666667 0.720862962962963 0.43658854166666666 0.9551314814814814 0.2287354166666667 0.7863962962962963 0.226228125 0.6932787037037037 0.3521036458333333 0.629675 0.35491197916666667 0.7052787037037037 0.43196718749999996 0.7566324074074074 0.48694375 0.722575 0.48714427083333334 0.7170472222222222 0.4927609375 0.7199 0.5439890625 0.686912962962963 0.5468979166666668 0.6876259259259259 0.5932963541666666 0.6582046296296297