2 0.6397516723958333 0.564032725 0.525964096875 0.5111147851851852 0.53087545 0.5555149675925927 0.644596228125 0.6048464796296297 0.6397516723958333 0.564032725
2 0.6397044666666667 0.5621961175925926 0.6346104989583333 0.520337375925926 0.5219835802083334 0.46549333703703705 0.5267313598958333 0.5105132574074075 0.6397044666666667 0.5621961175925926
2 0.6345870218749999 0.519078212962963 0.6298170942708333 0.4780504037037037 0.5171426671875 0.4196361157407407 0.522098634375 0.4644396222222222 0.6345870218749999 0.519078212962963
2 0.6304868895833333 0.47781939074074076 0.6252081317708333 0.43533700740740744 0.5124411463541667 0.37503438981481485 0.5173739838541667 0.4196287990740741 0.6304868895833333 0.47781939074074076
2 0.6253003020833333 0.43512333148148147 0.62055360625 0.3943055481481481 0.5078318984375 0.33021991666666667 0.5122793833333333 0.37461891574074074 0.6253003020833333 0.43512333148148147
2 0.45998685208333334 0.5947716842592593 0.5306940442708333 0.5557687685185185 0.5253218052083334 0.5113990175925925 0.45604854635416664 0.552877325925926 0.45998685208333334 0.5947716842592593
2 0.5263153145833334 0.5088459194444445 0.5219835802083334 0.46549333703703705 0.4513698072916667 0.5074346324074074 0.45625593541666665 0.5505598518518519 0.5263153145833334 0.5088459194444445
2 0.521751915625 0.46445058796296296 0.5171194348958333 0.4194260888888889 0.4473155864583333 0.46554393981481484 0.4517624369791667 0.5067917962962963 0.521751915625 0.46445058796296296
2 0.5170268145833333 0.4185887703703704 0.5121634682291667 0.3746225824074074 0.44374678020833336 0.42279764722222224 0.4479623145833333 0.46405281851851854 0.5170268145833333 0.4185887703703704
2 0.5118164635416667 0.3725324712962963 0.5076464921875 0.32959536203703704 0.43899918385416664 0.3798778740740741 0.4438617317708333 0.4217430018518518 0.5118164635416667 0.3725324712962963
2 0.45513346614583333 0.5938751055555556 0.4505944046875 0.551788986111111 0.38642678802083336 0.5880643314814814 0.39022656302083336 0.6297532435185186 0.45513346614583333 0.5938751055555556
2 0.45075553437500004 0.5490533175925926 0.44670121041666666 0.5071616953703704 0.38246518802083335 0.5470109574074075 0.3866112302083333 0.5876379083333334 0.45075553437500004 0.5490533175925926
2 0.44677041614583335 0.5056888398148148 0.44243941770833334 0.4654883287037037 0.37926651562499997 0.5065638731481481 0.3834358536458333 0.5463498398148148 0.44677041614583335 0.5056888398148148
2 0.44239305625 0.46506920462962964 0.43826979531250004 0.4236012851851852 0.37604506302083335 0.46695775648148147 0.37979819010416666 0.5061264675925926 0.44239305625 0.46506920462962964
2 0.43910131302083333 0.42273380648148146 0.4350943151041667 0.38231228796296296 0.3731706765625 0.42839074074074074 0.3767149203125 0.46567573333333334 0.43910131302083333 0.42273380648148146
3 0.6442525880208334 0.60530405 0.5310080421875 0.556643849074074 0.46043912812500004 0.5952078138888889 0.5736306208333333 0.6398335185185186 0.6442525880208334 0.60530405
3 0.5672044692708333 0.6397989518518519 0.45495419947916665 0.5953812842592593 0.39039212812499996 0.6301937768518519 0.502302065625 0.6703482277777778 0.5672044692708333 0.6397989518518519
4 0.5378764192708334 0.11673551666666666 0.2506411994791667 0.3653445703703704 0.2608191364583333 0.4545645472222222 0.3790842729166667 0.5045487527777778 0.3727869151041666 0.42527969259259263 0.5078226479166666 0.3253111490740741 0.62326093125 0.39441296666666664 0.6290624515625001 0.45802769444444447 0.7739523473958333 0.37733524444444444 0.7613098218750001 0.27979819907407405 0.5378764192708334 0.11673551666666666