1 0.4163240484375 0.7010567685185185 0.49904055208333337 0.6280366185185186 0.3773957666666667 0.6562915518518518 0.29650294270833333 0.7296551425925926 0.4163240484375 0.7010567685185185
1 0.5259404822916667 0.6700021046296296 0.6058713192708333 0.6064079851851851 0.5060828854166667 0.6264610407407408 0.4249028557291667 0.6964539564814815 0.5259404822916667 0.6700021046296296
1 0.42440231510416665 0.6394424435185185 0.5396560479166667 0.5361878277777777 0.4275282614583333 0.5558118083333333 0.31284849947916665 0.6658089388888889 0.42440231510416665 0.6394424435185185
1 0.5295470526041667 0.6160755398148148 0.643408909375 0.5175324972222223 0.5462801088541667 0.5357176277777778 0.43193477968750005 0.6376048231481481 0.5295470526041667 0.6160755398148148
1 0.736533878125 0.500858737962963 0.6532769937499999 0.5142133777777778 0.5369358010416666 0.61255125 0.6211500317708333 0.5948165768518519 0.736533878125 0.500858737962963
0 0.6533933526041668 0.513905875 0.7367063223958333 0.4995427111111111 0.7167526151041667 0.32382095 0.6346436026041666 0.3272618259259259 0.6274176546875 0.3343191527777778 0.6455596270833334 0.5188432138888889 0.6533933526041668 0.513905875
0 0.6348376041666667 0.3261987990740741 0.7179591145833334 0.32294804537037036 0.6990744276041667 0.1564389 0.6170576979166668 0.14759707314814816 0.6083746697916667 0.15592631666666665 0.6269456885416667 0.3321262972222222 0.6348376041666667 0.3261987990740741
0 0.5100463296875 0.1377129240740741 0.5069228645833334 0.1428132796296296 0.5238575739583333 0.3365477518518518 0.5290422276041666 0.3305856462962963 0.6244275578124999 0.32762532777777775 0.6065447291666667 0.14614259814814815 0.5100463296875 0.1377129240740741
0 0.547358475 0.5338542759259259 0.6448757947916667 0.5174973916666668 0.6260263510416666 0.32968332685185187 0.5289096453125001 0.33236950092592593 0.5236252984375 0.3371615916666667 0.54164569375 0.538631162962963 0.547358475 0.5338542759259259
0 0.41014055833333335 0.3361514916666667 0.29924594895833334 0.4626866287037037 0.31275539583333334 0.6663323277777777 0.4272481703125 0.5552370814814815 0.5408988765624999 0.5348730527777779 0.5225659645833333 0.33308194074074077 0.41014055833333335 0.3361514916666667
0 0.4109028979166667 0.33500911203703704 0.5229837645833333 0.3308999851851852 0.5062414682291666 0.13608384351851852 0.39562979895833333 0.12570385833333333 0.2874828973958333 0.26617739166666665 0.29941516458333334 0.45965961388888893 0.4109028979166667 0.33500911203703704
0 0.3761778177083333 0.6523656972222222 0.3120553395833333 0.6664628583333334 0.3028823942708333 0.5287496064814815 0.28394964687499996 0.5504065472222223 0.29591392499999997 0.7309050435185185 0.3774495338541667 0.655598037962963 0.3761778177083333 0.6523656972222222
0 0.30313515520833334 0.5283698472222222 0.2922663286458333 0.3507081185185185 0.2745779135416667 0.3719425074074074 0.28559921614583333 0.5480538509259258 0.30313515520833334 0.5283698472222222
4 0.3812335458333333 0.013639572222222222 0.1888909390625 0.28555043888888887 0.19502123593749998 0.3791577046296296 0.2730800026041667 0.37358444444444444 0.29216007552083334 0.35089973148148146 0.287000884375 0.26702269629629627 0.39529309114583333 0.12495899444444444 0.5065013744791667 0.13558514074074074 0.506766721875 0.14203280370370372 0.511571425 0.13677026851851853 0.6076313005208333 0.146004275 0.6081949729166667 0.15595310648148147 0.6170894963541667 0.14703231296296296 0.6994532838541667 0.1562588388888889 0.7015341567708333 0.17735298333333332 0.7226906635416667 0.15404248425925926 0.7138812744791667 0.07041489166666667 0.3812335458333333 0.013639572222222222