1 0.30386197916666663 0.2960407407407407 0.39144947916666667 0.3292416666666667 0.5113859374999999 0.29166296296296296 0.4236791666666667 0.2616
1 0.396565625 0.3312564814814815 0.497384375 0.36635 0.6175848958333333 0.3231351851851852 0.5158765625 0.29072314814814815
6 0.46510260416666666 0.25448703703703707 0.5127067708333334 0.2709944444444444 0.5845625 0.2498564814814815 0.5370109375 0.2338851851851852
3 0.6188729166666668 0.3346648148148148 0.6185385416666667 0.3931361111111111 0.7136229166666667 0.35171111111111114 0.63559375 0.32733148148148145
2 0.6191817708333333 0.3932731481481482 0.6187614583333333 0.43650925925925926 0.7132885416666667 0.39171481481481485 0.7138463541666666 0.351875
2 0.6179812499999999 0.43690555555555555 0.6175354166666666 0.4795203703703703 0.7127312499999999 0.43333796296296295 0.7139578125 0.39310185185185187
2 0.6171760416666667 0.48064444444444443 0.6166437499999999 0.5231990740740741 0.7122854166666667 0.4754314814814815 0.7127312499999999 0.434600925925926
2 0.6153057291666666 0.5266425925925926 0.6149713541666666 0.5660851851851851 0.7102791666666667 0.5151462962962963 0.7115052083333333 0.4759018518518519
2 0.6144140625 0.5684305555555556 0.6147484375 0.6106481481481482 0.710725 0.5555472222222222 0.7110593749999999 0.5150388888888888
2 0.6148354166666666 0.6125944444444444 0.6153057291666666 0.6518583333333333 0.7108364583333333 0.5937842592592593 0.7111708333333334 0.5555472222222222
2 0.6188729166666668 0.6548481481481482 0.6178697916666667 0.6942916666666668 0.713065625 0.6318564814814814 0.7135114583333333 0.595187962962963
5 0.4651161458333333 0.25737685185185183 0.46476770833333336 0.2736074074074074 0.5109661458333333 0.2881037037037037 0.5322880208333334 0.2954138888888889 0.5840609375 0.2791824074074074 0.5844791666666667 0.24994259259259258 0.5109661458333333 0.27125277777777773
0 0.30502291666666664 0.29849722222222225 0.30941874999999996 0.4881185185185185 0.39505572916666665 0.533150925925926 0.39742083333333333 0.5308731481481481 0.39505572916666665 0.3292333333333333 0.39111406249999997 0.32975925925925925
0 0.39591302083333335 0.33217407407407407 0.39811041666666663 0.5356768518518518 0.49856770833333336 0.5860435185185185 0.6163927083333333 0.5255907407407407 0.6183635416666667 0.32359814814814813 0.49626458333333334 0.36740462962962966
0 0.3956645833333334 0.5355249999999999 0.3972 0.7336824074074073 0.4955494791666667 0.7981962962962963 0.611934375 0.7209212962962963 0.6142005208333334 0.5277611111111111 0.49417135416666663 0.5894398148148149
0 0.3946453125 0.5344740740740741 0.3969244791666667 0.7307074074074074 0.3107229166666666 0.6749851851851852 0.3070765625 0.48922592592592595
4 0.31007135416666665 0.651387962962963 0.3111171875 0.6766574074074073 0.49572135416666663 0.7987481481481482 0.6126078125000001 0.721474074074074 0.61270625 0.6918601851851851 0.6191119791666666 0.6967666666666668 0.7141546875 0.634712037037037 0.7141546875 0.6175398148148148 0.7170124999999999 0.6142101851851852 0.7541651041666667 0.6322583333333334 0.7526869791666667 0.7200462962962962 0.43559843750000005 0.9557027777777779 0.22824947916666666 0.7869351851851851 0.22568697916666666 0.690912037037037