6 0.4387061546875 0.5480745657407408 0.3650141598958333 0.6073779611111111 0.4201137776041667 0.6077794777777777 0.49619448020833334 0.54635485 0.4387061546875 0.5480745657407408
6 0.5618303427083333 0.5462790407407407 0.48407363177083335 0.6009261574074074 0.5302414604166666 0.602082375925926 0.60767261875 0.5472001037037036 0.5618303427083333 0.5462790407407407
6 0.6197201921875001 0.5429214407407407 0.5420630385416667 0.5975302212962963 0.5879084619791667 0.5959255194444444 0.6640898520833333 0.5420657407407408 0.6197201921875001 0.5429214407407407
6 0.5104369109375 0.5453746092592593 0.4278415796875 0.6042034842592593 0.4752859671875 0.6069516407407408 0.5572665307291668 0.5489606685185185 0.5104369109375 0.5453746092592593
5 0.361653215625 0.5728695990740741 0.36291326458333334 0.6079088435185186 0.4380548088541667 0.5466950972222222 0.4966089557291667 0.5452457314814815 0.4946485708333333 0.5142629935185186 0.4370648859375 0.5106500749999999 0.361653215625 0.5728695990740741
5 0.35900198541666667 0.5389063657407407 0.36131459114583336 0.5717377175925925 0.4367262609375 0.5095181935185185 0.4944981692708333 0.5098130481481481 0.4912934390625 0.4760629509259259 0.43396194947916666 0.4748774722222222 0.35900198541666667 0.5389063657407407
5 0.35771219322916664 0.5047803333333334 0.3599231916666667 0.5366582212962963 0.434575403125 0.4722974222222222 0.49208783749999996 0.4757570518518519 0.4894231567708333 0.4410789009259259 0.4328046057291666 0.4372741259259259 0.35771219322916664 0.5047803333333334
5 0.35548654114583333 0.47047343055555557 0.3578860291666667 0.501828325925926 0.4311747052083333 0.4360982361111111 0.4894821265625 0.4392526740740741 0.48819043020833336 0.40638871388888886 0.43018307083333335 0.4018573916666667 0.35548654114583333 0.47047343055555557
5 0.3533320208333333 0.43577862222222224 0.3551338052083333 0.46862501481481483 0.42943313489583335 0.400161925 0.48738342812499996 0.4052574018518519 0.48464571197916667 0.37222923148148146 0.4277479755208333 0.36492586203703703 0.3533320208333333 0.43577862222222224
5 0.3517160875 0.4014167240740741 0.35342238177083335 0.4343457712962963 0.42722462291666663 0.3635045981481482 0.48384002604166665 0.3698351351851852 0.48139863541666666 0.3379551351851852 0.4254380015625 0.3295689435185185 0.3517160875 0.4014167240740741
5 0.35009707916666666 0.36958149999999995 0.3524704140625 0.3993227361111111 0.4239356432291667 0.3287053935185185 0.48257675677083334 0.33732074629629627 0.4805060427083333 0.3036761518518518 0.4231273 0.2954755185185185 0.35009707916666666 0.36958149999999995
5 0.3483667958333333 0.3363451851851852 0.3501914359375 0.36819205833333335 0.4227872390625 0.29506522314814815 0.48080595885416666 0.30229745 0.47812362187499996 0.2699699240740741 0.4211992901041667 0.2610540027777778 0.3483667958333333 0.3363451851851852
5 0.34723186875 0.30288055185185186 0.34911936354166667 0.3355150861111111 0.42070253281250003 0.2612452898148148 0.4791311276041667 0.2697626888888889 0.47596778489583336 0.2365378972222222 0.41968291458333334 0.22665376944444443 0.34723186875 0.30288055185185186
5 0.34599658333333333 0.2707168398148148 0.34835292395833334 0.30281031851851853 0.41940058072916664 0.22568093796296296 0.4764924536458333 0.23669637870370372 0.4748315421875 0.2043360472222222 0.417697765625 0.1927954990740741 0.34599658333333333 0.2707168398148148
5 0.49592588020833334 0.5191358111111112 0.4983951822916667 0.5513655814814815 0.509183175 0.545407912037037 0.5568534348958334 0.5474285898148149 0.5564404598958334 0.5153087453703704 0.5069588395833333 0.5098382277777778 0.49592588020833334 0.5191358111111112
5 0.49364886979166667 0.480340825 0.49504005104166665 0.5131655388888889 0.5010388583333333 0.513921362962963 0.5058523640625 0.5100845101851852 0.5473080770833333 0.513776262962963 0.5446815630208334 0.4821482740740741 0.49364886979166667 0.480340825
5 0.4911967067708333 0.4457606296296296 0.4930562182291667 0.4780444861111111 0.547194575 0.48027882407407413 0.5451243760416666 0.4466340314814815 0.4911967067708333 0.4457606296296296
5 0.49145608333333335 0.4092336009259259 0.49407900677083333 0.4433884611111111 0.547707203125 0.44563945833333335 0.5453801619791666 0.4126338740740741 0.49145608333333335 0.4092336009259259
5 0.49036672291666666 0.373768112962963 0.4930884734375 0.40851511944444446 0.5472536406249999 0.411731725 0.5443307999999999 0.37895556574074074 0.49036672291666666 0.373768112962963
5 0.48907693124999996 0.33964208055555556 0.49235257708333335 0.37363455462962963 0.5458070791666666 0.37820636574074074 0.5425289437499999 0.3461082648148148 0.48907693124999996 0.33964208055555556
5 0.4864814760416667 0.3058380953703704 0.48878060572916665 0.3384939111111111 0.5427851973958333 0.34546834537037036 0.5398052187500001 0.31325543240740744 0.4864814760416667 0.3058380953703704
5 0.4850349145833333 0.27231273796296296 0.4867119822916666 0.3061547981481481 0.5405437947916667 0.31224999537037035 0.5383708182291667 0.2811683935185185 0.4850349145833333 0.27231273796296296
5 0.4823701609375 0.23763367777777775 0.48398957395833336 0.2720391833333333 0.5383860536458334 0.28008004166666667 0.5346985583333334 0.24669657037037038 0.4823701609375 0.23763367777777775
5 0.4793185359375 0.20580887037037038 0.4827394489583333 0.23713095925925923 0.5348692468749999 0.24627032685185185 0.533046659375 0.21830032222222223 0.4793185359375 0.20580887037037038
5 0.5554072755208334 0.5135884435185185 0.5589416651041667 0.5450466268518518 0.5622059291666667 0.5436098601851852 0.6098329697916667 0.546368212962963 0.60696646875 0.5142913925925926 0.5602905229166667 0.5106255574074073 0.5554072755208334 0.5135884435185185
5 0.550229509375 0.4807788342592592 0.5548826067708333 0.5134299620370371 0.5581346385416667 0.5105539685185185 0.6064589401041667 0.5117824851851852 0.6035766151041667 0.4807933083333333 0.5553126723958334 0.4764766907407407 0.550229509375 0.4807788342592592
5 0.5477741989583333 0.4487244027777778 0.5516652005208333 0.47824174444444445 0.556121578125 0.4763459296296297 0.6044426598958333 0.4800993027777778 0.6007528166666667 0.44797901203703705 0.5523187015625 0.444088437962963 0.5477741989583333 0.4487244027777778
5 0.5461442739583333 0.41418716666666666 0.5489422098958333 0.4476434962962963 0.5521638369791667 0.44342703981481485 0.6014481739583334 0.44771125 0.598369153125 0.415536475 0.5501209614583333 0.4101313046296296 0.5461442739583333 0.41418716666666666
5 0.5450251703125001 0.3796348907407407 0.5479057776041666 0.412201637962963 0.5503912072916666 0.409666725 0.5980583197916667 0.4142131648148148 0.5958282046875 0.3836948101851852 0.547325590625 0.3776665777777778 0.5450251703125001 0.3796348907407407
5 0.5438209437499999 0.3452951833333333 0.5464748536458334 0.3772731398148148 0.5957025671875 0.3821203972222222 0.5930323182291667 0.3512302814814815 0.5438209437499999 0.3452951833333333
5 0.5415497260416667 0.31298913703703707 0.5436306197916667 0.34419609074074076 0.5922392348958333 0.3502734 0.5903067614583333 0.3196404305555555 0.5415497260416667 0.31298913703703707
5 0.5389966895833334 0.2797100611111111 0.5418789416666667 0.3106983287037037 0.5904216276041667 0.31851464999999995 0.5880050005208334 0.28951018055555555 0.5389966895833334 0.2797100611111111
5 0.5368218812500001 0.2498914407407407 0.5394807703125 0.2780806518518519 0.5884751619791667 0.2877063425925926 0.5868530062499999 0.2583968814814815 0.5368218812500001 0.2498914407407407
5 0.5361945552083333 0.21893662314814813 0.5379879151041667 0.2478196425925926 0.58657243125 0.25616016111111106 0.5841692802083334 0.22733122962962962 0.5361945552083333 0.21893662314814813
5 0.6087525489583334 0.5148659 0.6123586583333334 0.5459368851851852 0.6204637505208334 0.541012325 0.665185559375 0.5420043314814815 0.66140935 0.5113603 0.6175098515625 0.510412162037037 0.6087525489583334 0.5148659
5 0.6062674963541668 0.48372468148148146 0.6098609291666667 0.5133575444444445 0.6186321505208333 0.509078237037037 0.6611264286458333 0.5103867592592592 0.6594222973958334 0.4787641027777778 0.6157219140625 0.47773929074074073 0.6062674963541668 0.48372468148148146
5 0.6022786958333334 0.4529817861111111 0.6071591463541667 0.48270524629629635 0.6138502677083333 0.47737846018518526 0.6587846682291667 0.4784693296296297 0.6559424145833332 0.44926824074074073 0.6104833458333334 0.4480188888888889 0.6022786958333334 0.4529817861111111
5 0.5995265442708334 0.41977938333333337 0.6026438427083334 0.45018178425925925 0.609139515625 0.445290775 0.6549926354166666 0.4489129407407408 0.6522931588541667 0.41893583981481486 0.6063112536458333 0.416265025 0.5995265442708334 0.41977938333333337
5 0.5970085276041667 0.3920762324074074 0.600185309375 0.41776714074074073 0.6081149171875 0.4144879990740741 0.6522665635416666 0.4173232888888889 0.6491838072916667 0.3876735666666667 0.60438324375 0.38184350925925925 0.5970085276041667 0.3920762324074074
5 0.5939897937499999 0.35681244907407406 0.5973288041666667 0.38582225000000003 0.60332043125 0.38135100925925924 0.6478957989583333 0.38564499074074077 0.6461182625 0.35567432962962964 0.6003507083333334 0.3518384888888889 0.5939897937499999 0.35681244907407406
5 0.5917281036458333 0.328470287037037 0.5940240036458333 0.3549957564814815 0.60039444375 0.3511006148148148 0.6450135463541666 0.3546567222222222 0.6431350640625 0.3259862712962963 0.5979075583333333 0.32122237685185184 0.5917281036458333 0.328470287037037
5 0.58923220625 0.29462796574074074 0.5916855390625 0.3256915037037037 0.596901884375 0.3201666314814815 0.6419587739583333 0.32535767870370375 0.6403487062500001 0.2974856287037037 0.5946852453125 0.289823812962963 0.58923220625 0.29462796574074074
5 0.5871880875 0.2625959222222222 0.5896888916666666 0.2926485898148148 0.593409325 0.28923264814814814 0.6394844927083334 0.2969166537037037 0.6365585057291666 0.26666625925925924 0.5917890005208334 0.2586602055555556 0.5871880875 0.2625959222222222
5 0.5847867682291666 0.23250400925925926 0.587476390625 0.2617179879629629 0.5907395916666667 0.25834233333333334 0.6359189713541666 0.26763355833333335 0.6338153661458333 0.23742794074074072 0.58808385 0.22762735833333334 0.5847867682291666 0.23250400925925926
4 0.4022536666666667 0 0.21381975104166667 0.239470937037037 0.21862729062500003 0.33179128333333335 0.34827675416666665 0.3461905888888889 0.34513865260416665 0.27093951851851855 0.4174347578125 0.19116536018518518 0.4745511708333333 0.2036143537037037 0.475182578125 0.2089615638888889 0.48052206770833333 0.20402040925925924 0.5338421510416667 0.2168487759259259 0.5366673119791667 0.2150398537037037 0.5849247958333332 0.22621158148148146 0.5850681114583334 0.23153885925925927 0.5881987161458333 0.22650157777777777 0.6348227994791666 0.2372197962962963 0.6386760895833333 0.2855069462962963 0.7468070177083334 0.1903110222222222 0.7376687796875 0.10402664074074074 0.42269403854166665 0 0.4022536666666667 0