6 0.659358625 0.6623419361111111 0.5811834786458333 0.6289891175925927 0.5247434239583334 0.64827 0.6029241036458333 0.6824684027777778 0.659358625 0.6623419361111111
6 0.5919764541666667 0.6802417833333333 0.5109737369791667 0.6506631962962963 0.4638035244791666 0.6700399842592593 0.5445737656249999 0.7004616935185186 0.5919764541666667 0.6802417833333333
6 0.5362383244791666 0.6978397981481481 0.4538206979166667 0.6699367027777778 0.4106803666666667 0.6876650546296297 0.49428595364583333 0.7155804407407407 0.5362383244791666 0.6978397981481481
6 0.4840877645833333 0.7188561157407407 0.4052383453125 0.691412237037037 0.36137067916666665 0.7070197064814815 0.4397335354166667 0.7327674953703704 0.4840877645833333 0.7188561157407407
5 0.6598253046875 0.6610789351851851 0.6591401328125 0.6289501259259259 0.5785603588541667 0.5913447907407408 0.5245249260416667 0.6148772648148149 0.525926371875 0.6474367111111111 0.5823636572916667 0.6277325722222222 0.6598253046875 0.6610789351851851
5 0.6597973604166667 0.6248932064814815 0.6587050166666667 0.5905468101851852 0.5782100692708333 0.5559568027777778 0.5235824760416666 0.5789256379629629 0.5246823947916667 0.6144297361111111 0.5797450869791666 0.5916589555555556 0.6597973604166667 0.6248932064814815
5 0.658591640625 0.5897741972222222 0.6576101458333333 0.5558142037037037 0.578183628125 0.5187273759259259 0.5231380869791666 0.5441988351851852 0.5237882895833333 0.5771913324074074 0.5802532307291667 0.5532774379629629 0.658591640625 0.5897741972222222
5 0.6568419739583333 0.5544560055555556 0.6561980854166667 0.5224285675925926 0.5794687859375001 0.483055325 0.5225732791666666 0.5075435768518518 0.5230184020833334 0.5424620898148148 0.5791558390625 0.518159549074074 0.6568419739583333 0.5544560055555556
5 0.6567331911458333 0.5212764805555555 0.6552153296875001 0.4882759333333333 0.57652038125 0.4469532916666667 0.5225702979166666 0.47397896481481483 0.5235416963541667 0.5063959740740741 0.5790205489583333 0.4809289972222222 0.6567331911458333 0.5212764805555555
5 0.6550969 0.48673090277777775 0.6538037901041667 0.45489030185185186 0.576396975 0.4114592962962963 0.5211448739583333 0.43847149907407407 0.5222334364583333 0.4722399712962963 0.5787819796875 0.44446881574074076 0.6550969 0.48673090277777775
5 0.5782348380208333 0.41051331666666663 0.6539058036458333 0.4539263638888889 0.6537962151041667 0.4537326018518518 0.6528197682291667 0.4205441009259259 0.5762717817708333 0.3757717287037037 0.5213615958333333 0.4052953425925926 0.52190295 0.43828671296296295 0.5782348380208333 0.41051331666666663
5 0.652489215625 0.4197692398148148 0.6519579640625001 0.3883217796296296 0.5745347380208333 0.34238273055555557 0.520386415625 0.3723004092592593 0.5209277635416666 0.4052908546296296 0.5764864369791667 0.37538869259259255 0.652489215625 0.4197692398148148
5 0.6508648078125 0.38696021851851853 0.6504431442708333 0.35570652037037037 0.5742067786458332 0.3088156814814815 0.5191902708333334 0.3387243787037037 0.5206010651041667 0.3719164472222222 0.574202925 0.3414152287037037 0.6508648078125 0.38696021851851853
5 0.6495679046874999 0.3545398425925926 0.6493747807291667 0.3250249435185185 0.5737611348958332 0.2738971638888889 0.5186544854166667 0.3065045046296296 0.5192928052083333 0.3377604444444444 0.5741941552083334 0.306886487962963 0.6495679046874999 0.3545398425925926
5 0.5245116364583333 0.6539936685185186 0.5236610921875 0.619672 0.5094564520833333 0.6165568935185185 0.46068946770833336 0.6394224435185185 0.4620419229166667 0.6707820861111111 0.5109288494791666 0.650329337037037 0.5245116364583333 0.6539936685185186
5 0.5237597020833333 0.6187450685185185 0.5229200786458333 0.5860923425925926 0.5115144552083334 0.5804103416666666 0.46148990520833333 0.6023358564814815 0.46159207343750003 0.6338677833333334 0.5117365651041667 0.6143550694444444 0.5237597020833333 0.6187450685185185
5 0.5228013552083334 0.5838657 0.5218660661458333 0.552510374074074 0.5108751786458333 0.5464612972222221 0.46168496197916664 0.5683954453703703 0.46200689322916666 0.6015984740740741 0.5115035286458334 0.5787404731481481 0.5228013552083334 0.5838657
5 0.5227827130208333 0.5491812722222222 0.5216281755208334 0.5161539222222222 0.5123180916666666 0.511977211111111 0.4621930229166667 0.5344582722222222 0.462194671875 0.5665457435185185 0.5125377776041666 0.5455514740740741 0.5227827130208333 0.5491812722222222
5 0.5211855260416667 0.5122550990740741 0.5220308635416667 0.4820304388888889 0.51187916875 0.47673277685185184 0.4624915494791667 0.5003337111111111 0.46259683854166667 0.5324222546296297 0.5140853729166667 0.5110684712962963 0.5211855260416667 0.5122550990740741
5 0.5210845703125 0.4809084055555556 0.5212735541666667 0.44603997962962966 0.5128056083333333 0.4429851518518519 0.4617609411458333 0.46842391666666666 0.4623880791666667 0.5005178592592593 0.5123968536458333 0.47618154814814817 0.5210845703125 0.4809084055555556
5 0.5209593375 0.44585150925925926 0.5212797104166667 0.41506575925925926 0.5125871401041667 0.4095970472222222 0.46217576718750003 0.43615553425925924 0.46217931927083333 0.46861346481481486 0.512694859375 0.4420569814814815 0.5209593375 0.44585150925925926
5 0.5200119098958333 0.41264108240740743 0.5195814828125 0.37869512592592597 0.5135135796875 0.37584942222222223 0.4627916317708333 0.40277606111111114 0.46341390937500004 0.4341272231481481 0.5132029208333333 0.40811980833333333 0.5200119098958333 0.41264108240740743
5 0.5190511385416666 0.37739124907407406 0.51925399375 0.3445631620370371 0.5139206010416667 0.34246778796296296 0.4633094015625 0.3703225972222222 0.464141740625 0.4018620787037037 0.51382051875 0.3749255731481482 0.5190511385416666 0.37739124907407406
5 0.5183004161458333 0.3423278824074074 0.5183053546875 0.31116750277777777 0.5131747390625 0.30814720277777774 0.4637278640625 0.33860991203703705 0.46455361614583335 0.3692223 0.5142190432291667 0.34024546203703704 0.5183004161458333 0.3423278824074074
5 0.4607867817708333 0.6702125157407407 0.46006640885416666 0.639787362962963 0.45233296145833335 0.6374810120370371 0.4099049244791667 0.6567031212962963 0.410848709375 0.689356925 0.453997209375 0.668658661111111 0.4607867817708333 0.6702125157407407
5 0.4601426515625 0.6355216166666666 0.46006597239583336 0.6078851240740741 0.4515822453125 0.6024185722222223 0.4028980963541667 0.6219463944444444 0.40393997083333333 0.653673262962963 0.45148770833333335 0.635803437962963 0.4601426515625 0.6355216166666666
5 0.456372634375 0.601354962962963 0.4603449916666667 0.6026944509259259 0.46045158333333336 0.6030669185185186 0.46097784947916665 0.5719119333333333 0.4556328385416667 0.5679614638888889 0.4074712296875 0.5876799120370371 0.40768484270833333 0.620326162962963 0.456372634375 0.601354962962963
5 0.46105583072916667 0.567832350925926 0.46052678177083334 0.5348114712962964 0.4110187057291667 0.5560005259259259 0.4113236505208333 0.5866075259259259 0.46105583072916667 0.567832350925926
5 0.4609415239583334 0.5344453240740741 0.46062131822916663 0.5014266055555556 0.41227393020833336 0.5246678620370371 0.41288893020833334 0.5549067046296297 0.4609415239583334 0.5344453240740741
5 0.46092530625 0.5001313601851852 0.46114151822916666 0.46934453240740737 0.41362482083333335 0.492037799074074 0.41372456458333334 0.5231992601851851 0.46092530625 0.5001313601851852
5 0.4610271276041667 0.4678597398148148 0.461341434375 0.43614690185185184 0.4134306296875 0.4623598944444444 0.4138275979166667 0.49111287222222216 0.4610271276041667 0.4678597398148148
5 0.4616381385416667 0.4337384111111111 0.4611387416666667 0.40516959351851856 0.4147723260416667 0.4282452 0.4142460604166667 0.4594001861111111 0.4616381385416667 0.4337384111111111
5 0.46175816406250003 0.4042489787037037 0.4619653588541667 0.37216366666666667 0.41416339270833336 0.39893344444444445 0.414767471875 0.4275033444444445 0.46175816406250003 0.4042489787037037
5 0.46174610937500005 0.3704916435185185 0.46123041770833334 0.33951202407407405 0.41480110468750003 0.3688927824074074 0.4152985979166666 0.3970911398148148 0.46174610937500005 0.3704916435185185
5 0.4068845114583333 0.6897419166666667 0.40614317968749997 0.6581830037037036 0.36149863958333334 0.6751613962962963 0.3616072208333333 0.7054450083333333 0.4068845114583333 0.6897419166666667
5 0.4045406520833333 0.658484075 0.4030847791666667 0.6267594064814815 0.36165048697916663 0.6439293759259259 0.3617595895833333 0.6742129935185185 0.4045406520833333 0.658484075
5 0.406425940625 0.6196593120370371 0.40643131822916667 0.5931822166666667 0.3623315005208333 0.6117517268518519 0.36270933385416665 0.6421964870370371 0.4026327447916667 0.6258036268518519 0.40295214895833337 0.620099387037037 0.406425940625 0.6196593120370371
5 0.40713807916666667 0.5922384259259259 0.407386765625 0.5621168722222223 0.36266250572916664 0.5805215583333334 0.36330751302083336 0.6109690842592593 0.40713807916666667 0.5922384259259259
5 0.40746078177083334 0.5597394185185185 0.4085917572916667 0.5282008018518518 0.36282057760416664 0.5502407046296296 0.3630093989583333 0.5790980296296296 0.40746078177083334 0.5597394185185185
5 0.40805118072916663 0.5274024685185185 0.40758273125 0.4966391185185185 0.36412603854166664 0.5180695157407408 0.3636997515625 0.5483475944444445 0.40805118072916663 0.5274024685185185
5 0.4089118671875 0.49538504074074075 0.408084071875 0.46430124722222227 0.3645538770833333 0.4881081787037037 0.36474269895833333 0.5169655046296296 0.4089118671875 0.49538504074074075
5 0.4091460276041667 0.4630434787037037 0.40894994583333333 0.43307661296296296 0.3647093604166667 0.4573522101851852 0.36490440625 0.4871607027777778 0.4091460276041667 0.4630434787037037
5 0.40973953489583337 0.4311816509259259 0.4095372291666666 0.4002636166666667 0.3659356114583333 0.4267647564814815 0.3662984041666667 0.4549904296296296 0.40973953489583337 0.4311816509259259
5 0.409881528125 0.39836404722222224 0.41040724791666666 0.3696724777777778 0.36644681145833335 0.39585410370370366 0.3666408208333333 0.42550422407407407 0.409881528125 0.39836404722222224
4 0.365072171875 0.44467212037037035 0.3654635328125 0.39552627962962966 0.410134365625 0.3688769138888889 0.4134502765625 0.3714478037037037 0.41414043854166666 0.3679672574074074 0.5121395317708334 0.30664825185185185 0.5157808260416666 0.30808988981481483 0.5747559057291666 0.27247941296296296 0.6502445151041666 0.32351977037037033 0.6522663973958333 0.3912079148148148 0.7717144885416667 0.3317953925925926 0.7679248 0.23516968703703703 0.5590389401041667 0.06458183703703704 0.2444732046875 0.2988298990740741 0.24344491875 0.38697085555555555 0.365072171875 0.44467212037037035