1 0.47150781249999996 0.28656118703703704 0.3654208296875 0.25195636851851855 0.2609218114583333 0.28242135555555553 0.36647694531249997 0.3214253453703704 0.47150781249999996 0.28656118703703704
1 0.5726188796875 0.2531094722222222 0.4678330177083333 0.2217871537037037 0.37618884062499997 0.24937355462962962 0.4791800427083333 0.2837352490740741 0.5726188796875 0.2531094722222222
1 0.606401071875 0.3153749675925926 0.5026266130208333 0.28047204444444446 0.380040490625 0.3237566314814815 0.4820575541666667 0.36362164722222223 0.606401071875 0.3153749675925926
1 0.72004705 0.27218279907407406 0.6176276619791667 0.24330751759259256 0.5140295057291666 0.2787061907407407 0.6156495203125 0.31253366203703703 0.72004705 0.27218279907407406
0 0.38443014010416665 0.532976312962963 0.48467224479166665 0.587414475925926 0.6096503333333333 0.5215856129629629 0.6082248567708334 0.3153561138888889 0.48000718645833335 0.3630935175925926 0.3772441307291666 0.3246099898148148 0.38443014010416665 0.532976312962963
0 0.2691962958333333 0.47539810370370367 0.37155077708333334 0.5303628287037038 0.3827503197916667 0.5261285037037037 0.37698731614583336 0.3193945194444444 0.36603515937500003 0.32252856296296295 0.2607837088541667 0.2832463083333333 0.2691962958333333 0.47539810370370367
0 0.2764037145833333 0.6612446574074075 0.37869497604166663 0.7307657601851852 0.3887800640625 0.7248949814814815 0.3821351625 0.5283312370370371 0.3718683125 0.5328319712962963 0.26860020677083335 0.47650198981481484 0.2764037145833333 0.6612446574074075
0 0.6071045796875 0.5246327537037038 0.4845771 0.5893376333333333 0.3827226541666667 0.5346419388888889 0.3896194854166667 0.7361460777777779 0.489080378125 0.8032249407407407 0.6085977276041666 0.7190524546296296 0.6071045796875 0.5246327537037038
0 0.721092478125 0.27203118703703705 0.6147671932291666 0.31374240555555555 0.6094650239583334 0.31285789814814813 0.6106394359375 0.5137931287037036 0.6166711890625 0.5181911462962963 0.7212803588541666 0.46311655462962964 0.721092478125 0.27203118703703705
0 0.7180060489583333 0.4645593796296296 0.6158881468749999 0.5186689 0.6100436171875 0.5170859740740741 0.6099142968750001 0.7121653333333333 0.6172576197916667 0.7160801342592592 0.7182603703125 0.6455496342592593 0.7180060489583333 0.4645593796296296
4 0.4599201677083334 0.9366409111111111 0.7713358411458333 0.697585175 0.7718515880208333 0.6095488796296296 0.7185229895833333 0.5849812824074073 0.7189115411458334 0.6450732425925926 0.4878828171875 0.8053975666666667 0.3873776921875 0.7390881796296297 0.3876246848958333 0.7278610527777778 0.3781238895833334 0.7325317268518519 0.276416990625 0.6645728925925927 0.27604407864583336 0.6575087037037037 0.24500925989583333 0.6736274861111111 0.24784815416666667 0.7704627675925926 0.4599201677083334 0.9366409111111111