1 0.275078125 0.300325 0.36098958333333336 0.33429722222222225 0.48672604166666666 0.2949009259259259 0.3988875 0.2646398148148148
0 0.27491770833333334 0.30089629629629633 0.28037708333333333 0.49530833333333335 0.33658125 0.5249981481481482 0.3370630208333333 0.5115805555555555 0.48672604166666666 0.4482037037037037 0.48640468750000004 0.2949009259259259 0.3613109375 0.3348685185185185
0 0.2798953125 0.4955935185185185 0.2839098958333333 0.6805851851851852 0.33979270833333336 0.719125 0.33979270833333336 0.6965722222222223 0.337384375 0.694287962962963 0.3370630208333333 0.6566046296296296 0.33866875 0.6543203703703704 0.33658125 0.5252833333333333
4 0.2835890625 0.6654546296296296 0.2840708333333334 0.682012037037037 0.33979270833333336 0.7205518518518519 0.34029791666666664 0.7305351851851851 0.3433104166666666 0.7329305555555556 0.34362708333333336 0.7667518518518518 0.42598697916666667 0.8258620370370371 0.4854614583333333 0.7868268518518519 0.485303125 0.7811907407407408 0.48744322916666666 0.7827407407407407 0.5412776041666666 0.7463824074074074 0.5415151041666667 0.7420138888888889 0.5447651041666667 0.745537037037037 0.5952828125 0.7113638888888889 0.5953619791666667 0.6803611111111111 0.6176666666666667 0.694312962962963 0.7140187499999999 0.6305962962962963 0.7140979166666667 0.6169268518518518 0.7174270833333334 0.6145314814814814 0.7541630208333333 0.6318648148148148 0.7522604166666667 0.7214851851851851 0.4366723958333333 0.9554759259259259 0.2288515625 0.78665 0.22639427083333336 0.6924462962962963
3 0.5137302083333333 0.3103092592592593 0.523140625 0.3130074074074074 0.5232421875 0.3547416666666666 0.48732031249999996 0.3685935185185185 0.4871177083333333 0.31912407407407406
2 0.4874213541666667 0.3694925925925926 0.48732031249999996 0.410687037037037 0.5225338541666666 0.3959361111111111 0.5229385416666666 0.3558212962962963
2 0.48732031249999996 0.41122685185185187 0.48721927083333333 0.4493638888888889 0.5161588541666666 0.436412037037037 0.5227359375 0.4391101851851852 0.5224322916666667 0.39701574074074075
6 0.5155515625 0.4385703703703704 0.5988291666666666 0.4722092592592593 0.5467177083333333 0.4964944444444445 0.46505885416666665 0.46015740740740746
6 0.4566604166666667 0.4617759259259259 0.5413546875 0.49919259259259263 0.4876239583333334 0.5265361111111111 0.40272708333333335 0.4860611111111111
6 0.3975666666666667 0.4880398148148148 0.4801359375 0.527975 0.4202328125 0.5572972222222222 0.3387765625 0.5141240740740741
5 0.3373598958333333 0.515562962962963 0.3386755208333333 0.5502814814814815 0.4212447916666667 0.595074074074074 0.48175520833333335 0.5644925925925927 0.4808442708333333 0.528875 0.4205364583333333 0.5581962962962963
5 0.33776458333333337 0.5520805555555555 0.3386755208333333 0.586438888888889 0.42073854166666663 0.63465 0.48135 0.6031694444444444 0.4811479166666667 0.5661120370370369 0.4204354166666667 0.597412962962963
5 0.338371875 0.5875185185185186 0.33918125 0.6225972222222222 0.4211432291666667 0.6724268518518518 0.4823619791666667 0.6395064814814815 0.4815526041666667 0.6040685185185185 0.42073854166666663 0.6353694444444444
5 0.3386755208333333 0.6233166666666666 0.3392828125 0.6592944444444444 0.42154843750000004 0.7112824074074073 0.4807432291666667 0.6772833333333333 0.481046875 0.6409453703703704 0.4205364583333333 0.6740453703703704
5 0.3380682291666667 0.6605537037037037 0.3386755208333333 0.6956324074074074 0.4204354166666667 0.7497787037037037 0.48003489583333336 0.7134416666666668 0.4798322916666667 0.6787222222222222 0.4199291666666667 0.7145203703703704
5 0.34019322916666667 0.6970712962962963 0.34049687500000003 0.7301712962962963 0.4227625 0.7859370370370371 0.481046875 0.7495990740740741 0.48124895833333337 0.7132611111111111 0.4212447916666667 0.7506787037037037
5 0.34353229166666666 0.7323296296296297 0.344746875 0.7672277777777777 0.42600052083333334 0.8251527777777777 0.48509427083333334 0.786475925925926 0.4843859375 0.7504981481481482 0.42478645833333334 0.7875555555555555
5 0.40171562499999997 0.4864212962962963 0.4021203125 0.4898388888888888 0.48185625 0.5285148148148149 0.4821598958333333 0.5607148148148148 0.488534375 0.5626935185185185 0.5416583333333332 0.5349907407407407 0.541253125 0.5004518518518519 0.48721927083333333 0.5276157407407408
5 0.4821598958333333 0.5630537037037037 0.4823619791666667 0.5979518518518518 0.48782604166666665 0.6002907407407407 0.5422651041666666 0.5700694444444444 0.5415567708333333 0.5364296296296297 0.4871177083333333 0.565212037037037
5 0.4821598958333333 0.6004703703703704 0.482665625 0.6362685185185185 0.48661197916666665 0.6380675925925926 0.5415567708333333 0.6076666666666667 0.5411520833333333 0.5718685185185186 0.48661197916666665 0.6019101851851851
5 0.4827666666666667 0.6375277777777778 0.4819572916666666 0.6713472222222222 0.48721927083333333 0.674225 0.5416583333333332 0.6427444444444445 0.541253125 0.6085657407407408 0.48661197916666665 0.6389666666666666
5 0.48185625 0.6733259259259259 0.4808442708333333 0.7078648148148149 0.4874213541666667 0.710562962962963 0.5413546875 0.6780027777777778 0.5410510416666666 0.6440037037037037 0.48701666666666665 0.6749444444444445
5 0.481046875 0.708763888888889 0.4807432291666667 0.711462037037037 0.48205833333333337 0.7129018518518518 0.4823619791666667 0.7440222222222223 0.48661197916666665 0.7465407407407407 0.541253125 0.712362037037037 0.541253125 0.6787222222222222 0.48661197916666665 0.7112824074074073
5 0.4824630208333333 0.7452814814814814 0.48205833333333337 0.7486990740740741 0.48549895833333334 0.7503185185185186 0.4853979166666667 0.7801805555555555 0.4874213541666667 0.7812592592592592 0.54095 0.7452814814814814 0.5410510416666666 0.7130814814814815 0.486915625 0.7472601851851852
5 0.46435052083333334 0.4606962962962963 0.4652614583333333 0.4646546296296296 0.5425687499999999 0.49919259259259263 0.5420630208333334 0.5294148148148149 0.5480328125 0.5324722222222222 0.5998411458333333 0.5067481481481482 0.5994364583333333 0.47328888888888887 0.5473244791666667 0.4973944444444445
5 0.5421359375 0.5347824074074075 0.542621875 0.569462037037037 0.54493125 0.570975 0.596221875 0.5434259259259259 0.5959786458333334 0.5096101851851852 0.5449921875 0.5357546296296296
5 0.5421359375 0.5715148148148148 0.5421359375 0.6058712962962963 0.5435333333333333 0.6065194444444445 0.5946416666666666 0.5779972222222222 0.594459375 0.5449379629629629 0.5434729166666667 0.572162962962963
5 0.5417104166666667 0.6071675925925926 0.5423182291666666 0.642062962962963 0.5934265624999999 0.6120287037037037 0.5934869791666666 0.5789694444444444 0.5425614583333334 0.6075990740740741
5 0.5421359375 0.6437916666666667 0.5428041666666666 0.6764185185185185 0.5936088541666666 0.6444398148148148 0.5931833333333334 0.6123527777777777
5 0.5418317708333333 0.6783638888888889 0.5418317708333333 0.7112064814814815 0.5935479166666667 0.6782555555555555 0.5931223958333334 0.6460601851851852
5 0.5417713541666667 0.7128277777777778 0.5414067708333333 0.7412407407407408 0.5442630208333333 0.7439416666666666 0.5946416666666666 0.7113148148148148 0.5945203125 0.6789037037037037 0.544384375 0.7107749999999999
1 0.5244203125 0.27808055555555555 0.6225458333333334 0.3067759259259259 0.721484375 0.2725064814814815 0.6231265625 0.2456685185185185
0 0.524071875 0.2787 0.5236072916666666 0.4409648148148148 0.6002500000000001 0.4715185185185185 0.6003661458333334 0.4936083333333333 0.620571875 0.5035175925925925 0.717884375 0.45459074074074074 0.721484375 0.27291944444444444 0.6219651041666666 0.30863425925925925
0 0.5999015624999999 0.49629259259259256 0.6000177083333333 0.5086787037037037 0.59665 0.5103305555555556 0.59665 0.5448064814814815 0.5950239583333333 0.5472842592592593 0.5940953125 0.6761055555555555 0.595953125 0.6798212962962963 0.6168557291666666 0.6924138888888889 0.7138197916666668 0.630275 0.7173036458333333 0.45603518518518515 0.6196427083333333 0.5045499999999999