1 0.4625619036458334 0.26489035 0.5810929020833334 0.20131145648148147 0.48481336875000003 0.1883128703703704 0.36633182291666666 0.2488502462962963 0.4625619036458334 0.26489035
1 0.355394003125 0.24584176296296295 0.47420157395833334 0.1882748101851852 0.39235243333333336 0.1759474111111111 0.2736868822916667 0.23247738055555556 0.355394003125 0.24584176296296295
0 0.5889520125 0.397229462037037 0.58110825 0.20164571574074075 0.46279540520833334 0.2658571666666667 0.36582963124999995 0.2502916564814815 0.3774153796875 0.44484001203703705 0.472943203125 0.47448427500000007 0.5889520125 0.397229462037037
0 0.3895834270833333 0.6355730333333333 0.48406473125 0.6795609712962962 0.5282385833333333 0.6430126074074074 0.5234732671875 0.5020948583333333 0.5921878265624999 0.45119273425925926 0.5901404453125 0.398354975 0.47402079062499997 0.4773142675925926 0.37861911822916666 0.4462988583333333 0.3895834270833333 0.6355730333333333
0 0.388950696875 0.6259229805555555 0.3766831375 0.4412712370370371 0.36807212447916665 0.44355354166666666 0.2862998296875 0.4163912675925926 0.29877878697916666 0.5932570592592593 0.38025957708333336 0.6305792092592593 0.388950696875 0.6259229805555555
0 0.3764491151041666 0.4403045166666667 0.3651014036458333 0.24268034166666666 0.3565517401041667 0.24629875833333334 0.2736715765625 0.23214404722222223 0.2866906984375 0.4166553592592593 0.3682448395833333 0.44318507592592593 0.3764491151041666 0.4403045166666667
6 0.5836725494791666 0.5222460148148148 0.6636161234375 0.4594036712962963 0.6049889661458334 0.4418014611111111 0.5245893697916667 0.5022972157407407 0.5836725494791666 0.5222460148148148
5 0.66499660625 0.49425083148148147 0.6639193140625 0.45841034814814813 0.5835157026041667 0.5229486416666667 0.5242445026041667 0.503034975 0.5251030776041666 0.5382420722222222 0.5842323010416667 0.559193649074074 0.66499660625 0.49425083148148147
5 0.6654303 0.5284530962962962 0.6641308395833333 0.49602259351851846 0.5847122927083334 0.5613872740740741 0.5247696786458333 0.5392410398148147 0.5262383177083333 0.5753445935185185 0.5851800411458333 0.5963312046296296 0.6654303 0.5284530962962962
5 0.6667563989583333 0.5655937305555555 0.6649587614583333 0.530562099074074 0.5854441963541667 0.5979656148148148 0.5266598828125 0.5762772046296296 0.528112653125 0.6120465953703703 0.5863186401041667 0.633506874074074 0.6667563989583333 0.5655937305555555
5 0.6679450567708333 0.599729637962963 0.6661127083333334 0.5680720277777778 0.5861613156250001 0.634210525 0.5279865026041667 0.6134177416666667 0.5282702026041667 0.6443533398148148 0.5887412114583334 0.6697702444444444 0.6679450567708333 0.599729637962963
5 0.6686007838541667 0.6346375111111111 0.6668792807291666 0.6012754212962963 0.5873152625 0.6717204537037037 0.5289257901041666 0.6462526703703704 0.5300985364583333 0.6800534898148148 0.5889560963541667 0.707455638888889 0.6686007838541667 0.6346375111111111
3 0.6356451604166666 0.3130536638888889 0.5874691395833334 0.34495954351851854 0.5878143796875 0.3607269324074074 0.6920026687499999 0.38504737499999997 0.7561435729166667 0.3376949962962963 0.6356451604166666 0.3130536638888889
2 0.757699721875 0.3798458157407407 0.7561895744791667 0.33869684814814816 0.6929576005208333 0.3852060712962963 0.5880785348958334 0.3623613425925926 0.5901067432291666 0.402403062037037 0.6946062734375 0.42936049722222225 0.757699721875 0.3798458157407407
2 0.6940575588541668 0.4298001527777778 0.5906702848958333 0.40229776296296293 0.5923343057291667 0.44678644814814816 0.5965591213541667 0.44801792777777777 0.604188521875 0.4408658685185185 0.6640272786458333 0.45663169722222224 0.6658790953125 0.4680748564814815 0.6955642119791666 0.4749915620370371 0.7599425901041666 0.42456253518518516 0.7589955057291667 0.38330929166666666 0.6940575588541668 0.4298001527777778
2 0.7607476973958334 0.4668536888888889 0.7598772682291667 0.42726988981481484 0.695046671875 0.4760987129629629 0.6648935104166667 0.4672485675925926 0.6654764494791666 0.5129497027777777 0.6966953447916667 0.5202531388888889 0.7607476973958334 0.4668536888888889
2 0.76253786875 0.5099712287037037 0.7614185901041667 0.4690863527777778 0.6974622552083333 0.5204469675925926 0.6651004078124999 0.5130199666666666 0.6666684109375001 0.5595474879629629 0.6984206729166667 0.5660770101851852 0.76253786875 0.5099712287037037
2 0.7638758640625 0.5514894898148148 0.7621930015624999 0.5107089879629629 0.7000152802083334 0.567799949074074 0.6670598005208334 0.5598114824074074 0.6684319010416666 0.5979539694444445 0.7011346010416666 0.60868575 0.7638758640625 0.5514894898148148
4 0.3791121979166666 0.633150687037037 0.29830559322916667 0.5936826037037037 0.2971208026041667 0.5720094018518519 0.2750381515625 0.5862409962962962 0.27986823437499997 0.6749367731481482 0.607954534375 0.850685824074074 0.8071840880208333 0.6413359435185185 0.8053018364583333 0.5466990611111111 0.7637339927083333 0.5360212287037037 0.7640331890625001 0.5507858398148148 0.7008050817708333 0.6097577685185186 0.6691834635416666 0.5978135379629629 0.667895040625 0.6027703259259259 0.6690683078125 0.6365710481481481 0.588860078125 0.7094944740740742 0.5287987802083334 0.6806334787037037 0.5279402052083333 0.6454263814814815 0.4844412182291667 0.6801639444444444 0.3896898875 0.6365645222222223 0.3891838286458333 0.6255432259259259 0.3791121979166666 0.633150687037037