1 0.4468156119791667 0.33248514074074076 0.5541119260416667 0.2760801101851852 0.46640843177083335 0.2642714925925926 0.35729721822916666 0.3171425953703704 0.4468156119791667 0.33248514074074076
1 0.6073793572916667 0.24987404351851852 0.5256401729166666 0.29315416666666666 0.6532133119791667 0.31157602314814814 0.7335456354166666 0.26297432314814817 0.6073793572916667 0.24987404351851852
0 0.7494791510416667 0.45644969444444444 0.7325634244791667 0.2627200916666667 0.653472028125 0.3128156824074074 0.5251501916666667 0.29409799444444445 0.544467096875 0.48354258703703706 0.6706931197916667 0.5137771101851852 0.7494791510416667 0.45644969444444444
0 0.6876415838541666 0.7122156064814815 0.7641378411458334 0.6381502824074075 0.7484837729166667 0.46048520462962966 0.6713893375000001 0.5157963083333333 0.5459632651041667 0.4841325888888889 0.54937155 0.517816125 0.56580719375 0.5020297287037037 0.6511739578125 0.5275413277777778 0.6559026567708333 0.5734207351851852 0.6470732708333333 0.5822798907407408 0.6523797927083332 0.6533449518518518 0.6599986333333334 0.6575598805555556 0.6635688234374999 0.6993582787037037 0.6876415838541666 0.7122156064814815
0 0.5437777682291667 0.4793789324074074 0.5243566171875 0.2933828287037037 0.4467879213541667 0.33549078055555553 0.35639114947916667 0.31644653055555555 0.37853169635416667 0.5011016416666666 0.46890235052083334 0.5287225185185185 0.5437777682291667 0.4793789324074074
0 0.37650800468749995 0.5044619240740741 0.3987141979166667 0.683103925925926 0.46465366354166665 0.7077909287037037 0.4555611994791667 0.6193979574074074 0.46338821927083335 0.6167178472222222 0.46027323020833333 0.5791238740740741 0.5478752817708333 0.5172252018518518 0.5437708786458334 0.48152338796296296 0.4692210817708334 0.5316664444444444 0.37650800468749995 0.5044619240740741
3 0.5453800489583334 0.6132556342592593 0.6492483359375 0.5295993305555555 0.5674855234374999 0.504302237037037 0.4606894177083333 0.5807646898148148 0.5453800489583334 0.6132556342592593
2 0.6545429588541667 0.5740912314814816 0.6492483359375 0.5295993305555555 0.5456595661458333 0.6136341092592592 0.46096255885416665 0.5832875287037037 0.4654243932291667 0.624498811111111 0.5499264875000001 0.657451612962963 0.6545429588541667 0.5740912314814816
2 0.6490372536458333 0.6136492268518519 0.6461366500000001 0.5824467481481482 0.5505767020833333 0.6590507370370371 0.45686255520833335 0.6225951027777777 0.4619750177083333 0.6654044962962963 0.5434248916666667 0.7010452111111111 0.6490372536458333 0.6136492268518519
2 0.6528350942708333 0.6575502972222222 0.6482821796875 0.6154977611111111 0.5446806572916666 0.7038212675925927 0.46112896354166666 0.6664126981481482 0.465681878125 0.7084652342592593 0.5468457588541666 0.7458709166666666 0.6528350942708333 0.6575502972222222
2 0.6641607953124999 0.7048259638888889 0.6600373338541666 0.6601254240740742 0.5561429286458334 0.7523583546296296 0.472363584375 0.712847112037037 0.47565425729166666 0.7542670342592592 0.5602727666666667 0.7949145314814815 0.6641607953124999 0.7048259638888889
3 0.37572013020833334 0.5050314916666667 0.37844631666666667 0.5015451212962962 0.2978517619791667 0.5531942444444444 0.36159355416666666 0.5739863000000001 0.3830383385416667 0.5581640796296297 0.37572013020833334 0.5050314916666667
2 0.3831282291666666 0.5624345222222222 0.35972498541666664 0.5756049296296296 0.29724014895833334 0.5541597416666667 0.30236546302083334 0.5926813287037037 0.3659240052083333 0.615220987962963 0.38877449062499997 0.5991483462962962 0.3831282291666666 0.5624345222222222
2 0.3888139 0.6014160398148148 0.3665049515625 0.6151560018518518 0.30346149791666666 0.5928176064814815 0.30745935208333336 0.6297433805555556 0.3714935921875 0.6549566925925926 0.39307435677083336 0.6397188416666667 0.3888139 0.6014160398148148
2 0.3980818302083333 0.6807371231481482 0.39322559270833335 0.6411157092592592 0.3720682380208334 0.6560752657407407 0.30787892083333335 0.6304829120370371 0.312587153125 0.6676888027777779 0.37683465625 0.6959155453703704 0.3980818302083333 0.6807371231481482
4 0.5620499453125 0.7976362055555555 0.47336621354166664 0.7540791972222222 0.4693095770833333 0.7112038055555555 0.39772659166666663 0.6805966037037038 0.37647660156249996 0.6967926694444444 0.3107928390625 0.6657703685185186 0.2877212567708333 0.6818833388888889 0.2997183901041666 0.7696705657407407 0.6355418458333334 0.9473793916666667 0.8255084942708333 0.7449238879629629 0.8148518072916667 0.6464944712962962 0.7660168994791667 0.6305067685185185 0.7653550989583333 0.6406044833333333 0.6899182468749999 0.7112981675925926 0.6653852817708333 0.7035878666666667 0.5620499453125 0.7976362055555555