1 0.5091886354166667 0.3757304212962963 0.420218484375 0.3229280425925926 0.29687431927083335 0.32635096203703706 0.38400761979166664 0.38234255 0.5091886354166667 0.3757304212962963
0 0.3646519703125 0.5523251138888889 0.5132203463541667 0.5280741018518518 0.508866053125 0.37564726296296297 0.3843452265625 0.38299343148148146 0.2967283140625 0.32687717222222223 0.30732140208333336 0.5214856814814814 0.36452122760416666 0.5655340916666667 0.3646519703125 0.5523251138888889
0 0.3728503052083333 0.7592774916666666 0.37225719010416664 0.7368658101851852 0.3697795760416666 0.7339726203703704 0.36846595989583336 0.6964418833333333 0.370017753125 0.6945874416666667 0.3645287276041667 0.5658174935185185 0.30684528958333335 0.521644412037037 0.315740315625 0.7065176083333333 0.3728503052083333 0.7592774916666666
4 0.5158926114583333 1 0.7869567864583333 0.8683600416666667 0.7865097369791666 0.7797927083333333 0.7491775229166666 0.7530614027777778 0.7458986260416667 0.754580275 0.7461786494791667 0.7681437138888888 0.6511339348958334 0.8065280564814815 0.628377065625 0.7868915527777778 0.6291129385416667 0.8176798833333334 0.5793008406250001 0.8385664175925927 0.5759457619791667 0.8342242861111111 0.5758222416666666 0.8385040148148148 0.5227382671874999 0.860703787037037 0.52054921875 0.858609675 0.52085638125 0.8642514981481482 0.4621811411458333 0.8876518462962963 0.3779518765625 0.8075986268518518 0.37674453281250003 0.7739069777777777 0.3736575213541667 0.7707470287037037 0.3728878302083333 0.7606954166666667 0.3159393932291667 0.7079771796296297 0.3150203375 0.691398687962963 0.25831676666666664 0.7034207953703704 0.26326091510416666 0.7976710296296295 0.45783299739583333 1 0.5158926114583333 1
3 0.5462186 0.40314687962962964 0.5367012526041666 0.39803041296296293 0.5102188442708333 0.3999033787037037 0.5117232203125001 0.44911576018518523 0.5474181197916667 0.4446463212962963 0.5462186 0.40314687962962964
2 0.5477904526041667 0.4853997435185185 0.5471417072916667 0.44564061944444444 0.5118482921875 0.45003535648148146 0.5128302380208333 0.4909459314814814 0.5477904526041667 0.4853997435185185
2 0.5128444343749999 0.49148236944444446 0.5137459723958333 0.5293546648148149 0.5424555598958333 0.5239727398148148 0.5491287432291667 0.5283560055555556 0.5477168947916666 0.486446337037037 0.5128444343749999 0.49148236944444446
6 0.49178470416666664 0.5343460518518519 0.5747113359375 0.5915871833333334 0.6263833197916667 0.5809391768518518 0.5419027088541667 0.5259604157407407 0.49178470416666664 0.5343460518518519
6 0.4298959052083333 0.5439576703703703 0.5161817598958334 0.6061488027777778 0.5693987734375 0.5928806249999999 0.483396728125 0.5337811222222222 0.4298959052083333 0.5439576703703703
6 0.36643895416666666 0.5552961453703703 0.44934199114583334 0.6192781916666666 0.5087029567708333 0.6056409629629629 0.4247678 0.5445885981481481 0.36643895416666666 0.5552961453703703
5 0.5094376666666667 0.6067186324074074 0.4496704416666667 0.6202502166666667 0.36505471354166663 0.5563594314814815 0.36728843020833335 0.5912011962962963 0.45135133177083336 0.6570805787037037 0.5112887932291666 0.6423491231481481 0.5094376666666667 0.6067186324074074
5 0.5107217703125 0.6438012824074074 0.45060037343750003 0.659195387962963 0.3664213244791667 0.5927532851851852 0.368239334375 0.6271323935185186 0.4518839541666667 0.6962779027777778 0.5118991989583334 0.6806791444444444 0.5107217703125 0.6438012824074074
5 0.5121262223958333 0.6816250231481482 0.451902875 0.6969928462962963 0.3679629208333333 0.6281266935185186 0.369697925 0.6631953833333334 0.45328368229166666 0.733923137037037 0.5138706744791667 0.717050725 0.5121262223958333 0.6816250231481482
5 0.5125883848958334 0.7181402935185185 0.4527171578125 0.7353745111111111 0.3692091833333333 0.6637794564814814 0.37076497604166664 0.6996893018518519 0.45471230208333335 0.7726404611111111 0.5132392302083333 0.7541723407407407 0.5125883848958334 0.7181402935185185
5 0.5123626520833333 0.7553664981481482 0.453171996875 0.775439137037037 0.3695788671875 0.7006263759259259 0.37111101510416666 0.7356427722222222 0.4546074411458333 0.8106078916666666 0.5134791177083333 0.7899211583333334 0.5123626520833333 0.7553664981481482
5 0.5146930723958333 0.7900559046296296 0.45544357916666667 0.8117117092592593 0.37267236666666664 0.7374654064814814 0.3738476703125 0.7704369027777778 0.45789434791666667 0.8471422055555555 0.5154458692708334 0.8261142333333333 0.5146930723958333 0.7900559046296296
5 0.5188213401041667 0.8278717546296296 0.4599686083333333 0.8492743518518518 0.3769514526041667 0.7733672277777778 0.3790884651041667 0.8083613518518519 0.4621760817708333 0.8869505287037037 0.5204785609375 0.8638077481481482 0.5188213401041667 0.8278717546296296
5 0.5104440416666667 0.6066225777777777 0.5115956760416667 0.6386997027777778 0.5180465604166666 0.6423155953703703 0.5706450354166667 0.628533387962963 0.5693299395833333 0.594105725 0.51580391875 0.6071169546296297 0.428890053125 0.5440538601851852 0.4293861666666666 0.5475547962962963 0.5104440416666667 0.6066225777777777
5 0.5705809260416667 0.6299369935185185 0.5166907130208334 0.6444517574074073 0.5116571869791666 0.6410239601851851 0.5127778291666666 0.6757560712962963 0.5183242890625 0.6794943009259259 0.5721766609375 0.66354965 0.5705809260416667 0.6299369935185185
5 0.5711066994791667 0.6650494444444445 0.5171481755208334 0.6807894425925927 0.5126412083333334 0.6782065388888889 0.5140903260416666 0.7139115953703704 0.5180990791666666 0.7167206398148148 0.5724543895833333 0.7007283546296296 0.5711066994791667 0.6650494444444445
5 0.5721732276041667 0.7015432268518519 0.5181227239583334 0.7176140888888889 0.5142248708333333 0.715189125 0.5143018197916667 0.748587538888889 0.5196595963541667 0.7528089916666667 0.5734788505208334 0.7356129601851852 0.5721732276041667 0.7015432268518519
5 0.5729023546875 0.7367071870370371 0.5194751380208333 0.7534715055555555 0.5142524296875 0.7505277157407407 0.5141449208333333 0.7845886453703703 0.5208181046875 0.7889719101851852 0.574101303125 0.7705721324074074 0.5729023546875 0.7367071870370371
5 0.5154960932291667 0.7899083398148148 0.5166193348958333 0.8209125907407407 0.520951815625 0.8245151546296297 0.5749029671875 0.8046901490740741 0.5740182734375 0.7712607935185185 0.52002455625 0.7894774064814815 0.5143719442708333 0.7855345231481482 0.5141380963541666 0.7881372138888888 0.5154960932291667 0.7899083398148148
5 0.5199338916666666 0.8279812731481482 0.5206178057291667 0.8576303388888888 0.522677346875 0.8592259138888889 0.5754644317708333 0.8373252 0.5747190317708333 0.8053527981481482 0.5212755427083333 0.8253086749999999 0.5167538802083333 0.8221901185185185 0.5164375250000001 0.8254816064814815 0.5199338916666666 0.8279812731481482
5 0.5706174765625001 0.5931947962962963 0.5709046286458332 0.6230970703703704 0.5769776473958333 0.6276801953703705 0.6283075057291666 0.6155238583333333 0.6270213260416667 0.5821692037037037 0.5753440953125001 0.5926385712962963 0.4910878354166667 0.5346982685185184 0.49210635520833335 0.5388675675925926 0.5706174765625001 0.5931947962962963
5 0.6245055098958333 0.6173684638888889 0.5740117229166667 0.6301552231481481 0.5711189864583334 0.6284499518518518 0.5725188208333333 0.6630383666666667 0.5748768135416668 0.6651394768518518 0.6256389890625 0.6510355879629629 0.6245055098958333 0.6173684638888889
5 0.6239095171875 0.6520820703703704 0.5734441479166666 0.665942625 0.5720850119791667 0.6649525527777779 0.5729885531250001 0.6990940916666667 0.5744083364583333 0.7000997981481482 0.6249619307291667 0.684981675925926 0.6239095171875 0.6520820703703704
5 0.5725954973958333 0.700272162962963 0.574123346875 0.7351065074074075 0.6246371765625 0.7184858083333333 0.6238283984374999 0.6856490101851852 0.5734611395833333 0.700921175 0.5725954973958333 0.700272162962963
5 0.6256725447916666 0.7507413194444444 0.6244015401041667 0.718744912037037 0.573985821875 0.7367772231481481 0.5755146588541666 0.7693728759259258 0.6256725447916666 0.7507413194444444
5 0.6265006947916666 0.7843297324074073 0.625226840625 0.7522256685185186 0.5745897072916667 0.7710544416666666 0.5754534348958333 0.803691563888889 0.6265006947916666 0.7843297324074073
5 0.627493853125 0.7852254592592592 0.5780044494791666 0.803923337037037 0.5754354255208334 0.8052870824074074 0.5758166817708333 0.8334279416666667 0.57875488125 0.8368511018518519 0.6284680510416667 0.8174652027777778 0.627493853125 0.7852254592592592
1 0.74425540625 0.414226125 0.6448157989583333 0.3621033342592592 0.5465846380208333 0.3687696916666667 0.6458399135416666 0.4226781592592593 0.74425540625 0.414226125
0 0.62779141875 0.5806204351851851 0.6284889484375 0.6026021074074075 0.6490325203125 0.617678149074074 0.7454302796875001 0.5942396259259259 0.7442662666666667 0.41463650462962964 0.6453058369791667 0.424374587037037 0.546251159375 0.3692950935185185 0.550052203125 0.5304245175925926 0.62779141875 0.5806204351851851
0 0.6481269526041668 0.61846365 0.6280931828124999 0.605149349074074 0.6285355151041667 0.6174880268518519 0.625198375 0.6182580583333334 0.6261050578125 0.6525182953703703 0.6245379635416667 0.6545597888888889 0.6269936401041666 0.782334837037037 0.6289562744791667 0.7865080898148148 0.6502699536458334 0.804431012037037 0.7459704807291666 0.7677729416666667 0.7448853182291667 0.5955247537037037 0.6481269526041668 0.61846365