4 0.3074145833333333 0.6523296296296296 0.30856875 0.7068490740740742 0.4159864583333333 0.7818861111111112 0.5185385416666667 0.7185 0.5190072916666667 0.6895740740740741 0.5388515625 0.7024962962962963 0.6092296875 0.6592185185185185 0.6091140625 0.6458861111111112 0.6182286458333334 0.6510138888888889 0.6828401041666667 0.6095212962962963 0.6837088541666667 0.5995175925925926 0.7538151041666666 0.6320444444444444 0.75244375 0.7207851851851852 0.4365276041666667 0.9577564814814814 0.2275447916666667 0.7910953703703704 0.225103125 0.6921398148148148
0 0.308684375 0.7064722222222223 0.3048197916666667 0.5149175925925926 0.4145151041666667 0.5742194444444445 0.5187572916666666 0.524325925925926 0.5182765625 0.7181953703703703 0.41676041666666663 0.781487962962963
1 0.3059510416666667 0.5145842592592592 0.40866562500000003 0.471637037037037 0.5181380208333334 0.5238944444444444 0.4144098958333334 0.5743490740740741
2 0.5188359375 0.5224287037037036 0.5190640624999999 0.5663064814814814 0.5407635416666667 0.5739601851851851 0.609821875 0.5372212962962962 0.6099942708333334 0.49619722222222223 0.5402468749999999 0.5310990740740741
2 0.5188921875 0.5675314814814815 0.5188921875 0.6073314814814815 0.5399026041666667 0.6177407407407407 0.609821875 0.5785527777777778 0.609821875 0.5381398148148149 0.5399026041666667 0.5754907407407407
2 0.5187208333333333 0.6087666666666667 0.5187197916666667 0.6483555555555556 0.5404192708333333 0.6599898148148148 0.6093052083333333 0.6177407407407407 0.6091333333333334 0.5794712962962962 0.5400744791666666 0.6186592592592594
2 0.5184911458333333 0.6497925925925926 0.5188921875 0.688462037037037 0.538696875 0.7016268518518518 0.6082723958333334 0.6587648148148149 0.6086166666666667 0.6195777777777778 0.538696875 0.6615203703703704
5 0.6104552083333333 0.48875092592592595 0.6103385416666666 0.5197712962962963 0.6191218749999999 0.5246694444444445 0.686975 0.49099259259259265 0.686975 0.46007037037037035 0.6199828125 0.4922166666666667
5 0.610340625 0.5212046296296295 0.6101666666666666 0.550999074074074 0.6192937500000001 0.5568157407407407 0.6864583333333333 0.5203833333333333 0.6862859375 0.4928296296296296 0.6192937500000001 0.5240574074074074
5 0.6102614583333333 0.5515324074074074 0.6097921875 0.5830574074074074 0.6183859374999999 0.587500925925926 0.6843229166666667 0.5495861111111111 0.6850260416666667 0.5209759259259259 0.6186984375000001 0.5568074074074074
5 0.6096364583333334 0.5835694444444445 0.6095578125000001 0.6152805555555556 0.6178390625 0.6194472222222223 0.6838541666666667 0.5794481481481482 0.6844010416666666 0.5500046296296296 0.6184640625 0.5881981481481482
5 0.6091677083333333 0.6157916666666666 0.6086203124999999 0.6458351851851851 0.6170578125 0.649862962962963 0.6828385416666667 0.6091694444444444 0.6834635416666667 0.5802814814814814 0.6172921875 0.6194472222222223
6 0.5179177083333334 0.45014351851851847 0.5649744791666667 0.4702796296296296 0.6309895833333333 0.44000277777777774 0.5848963541666666 0.4212537037037037
3 0.6087151041666666 0.4960240740740741 0.5016630208333334 0.45045277777777776 0.432596875 0.4802037037037037 0.5407119791666666 0.5309694444444445
6 0.5698447916666667 0.47097685185185184 0.6194015625 0.49222314814814816 0.6867447916666667 0.45958518518518515 0.6359640624999999 0.4398638888888889