3 0.4956392671875 0.4354153962962963 0.6040160338541667 0.4455932722222222 0.6757574973958334 0.3885288416666667 0.5677423197916667 0.3752213537037037 0.4956392671875 0.4354153962962963
3 0.4254859328125 0.49541618333333337 0.5347472604166666 0.49952601111111117 0.5985399239583333 0.4482941398148148 0.48820644114583334 0.4408136601851852 0.4254859328125 0.49541618333333337
2 0.5624371557291667 0.330588149074074 0.48999950989583335 0.3941536824074074 0.4952630234375 0.4345491064814815 0.5684233765625 0.373727987037037 0.6770594375000001 0.3875650472222222 0.6713629057291667 0.347073287962963 0.5624371557291667 0.330588149074074
2 0.48397796041666663 0.39829867037037037 0.4208044208333333 0.4550630898148148 0.42471281875 0.49594110462962965 0.4889576390625 0.43854557962962964 0.49492431666666664 0.439171937962963 0.4901797625 0.39709032962962965 0.48397796041666663 0.39829867037037037
2 0.5569013328125 0.28628763333333335 0.485347878125 0.35278966759259256 0.4903176895833333 0.39178926574074074 0.5638097510416666 0.32884945833333334 0.6711433578125 0.3436504935185185 0.6660904901041668 0.3051806138888889 0.5569013328125 0.28628763333333335
2 0.5517542536458334 0.24309949907407408 0.4811188828125 0.31027486111111113 0.48543443281250004 0.3510078787037037 0.5565812505208334 0.2846506583333333 0.6654731067708333 0.3033989712962963 0.6606648781250001 0.26459237222222226 0.5517542536458334 0.24309949907407408
2 0.5460429661458334 0.1986109259259259 0.4751250494791667 0.26963843333333337 0.4809871786458333 0.3090709398148148 0.5510807088541667 0.24208854074074074 0.6602095927083333 0.26300354722222224 0.6552093864583333 0.22501505277777778 0.5460429661458334 0.1986109259259259
2 0.5398648677083333 0.15629010462962964 0.4702417921875 0.22885704629629627 0.4750501203125 0.2676645583333333 0.5447446255208334 0.19832356203703705 0.6544002244791667 0.22405333981481482 0.6495615026041667 0.18625693333333335 0.5398648677083333 0.15629010462962964
2 0.47995071041666665 0.3562121564814815 0.41664685625 0.4157742296296296 0.42061604166666666 0.4546300361111111 0.48472915833333335 0.3960305898148148 0.48952369687499997 0.3948232712962963 0.4850917125 0.3568829638888889 0.47995071041666665 0.3562121564814815
2 0.4753324307291667 0.31499190555555556 0.41250696822916666 0.3757046638888889 0.41620726197916663 0.4154761935185185 0.47993524062500004 0.3559291601851852 0.48504306406250003 0.35514932407407407 0.48128132447916666 0.3145427 0.4753324307291667 0.31499190555555556
2 0.4702697859375 0.2735227694444444 0.4079233432291666 0.3357874296296296 0.4123215520833333 0.37466886851851855 0.4750654588541667 0.31406012777777775 0.4810166171875 0.3129676212962963 0.47607751354166666 0.2737653824074074 0.4702697859375 0.2735227694444444
2 0.46551828385416666 0.2320709462962963 0.403802015625 0.29744987962962965 0.40778639114583337 0.33519465555555555 0.4705655078125 0.27226153333333336 0.47516387083333333 0.27267859351851853 0.47103255364583335 0.23293149351851852 0.46551828385416666 0.2320709462962963
4 0.48422385729166667 0 0.25687898958333333 0.2714464490740741 0.2642914557291667 0.3596812611111111 0.35948198489583333 0.3705947824074074 0.3981350645833333 0.37429257499999996 0.4081145255208333 0.36444655000000004 0.4106831916666666 0.36498000555555554 0.40370738489583335 0.2965848472222222 0.46563051875 0.2317737888888889 0.47072920625 0.23214079074074073 0.46982983281249996 0.22764474166666668 0.539865434375 0.15519187222222222 0.6502534911458333 0.1857960175925926 0.6559625255208333 0.22606030185185186 0.7788853921875 0.115650875 0.766165871875 0.02322559074074074 0.7106737546875 0 0.48422385729166667 0