0 0.32782101822916665 0.5151226601851853 0.33653738125000004 0.7052521398148148 0.42066119947916664 0.6611519583333334 0.425683753125 0.6599678388888889 0.41416513385416664 0.4572407925925926 0.41049399062499997 0.45668961203703706 0.32782101822916665 0.5151226601851853
0 0.31871982083333333 0.3280363675925926 0.3268659265625 0.5124029018518519 0.41074785156250004 0.45569361851851853 0.39955405 0.25791610000000004 0.31871982083333333 0.3280363675925926
0 0.4006317671875 0.25685066018518515 0.41189297760416665 0.453709625 0.5054790760416666 0.38491559166666667 0.6301286026041667 0.43061212037037033 0.615329046875 0.23812815648148147 0.4945085979166667 0.17756694537037038 0.4006317671875 0.25685066018518515
0 0.41461549114583335 0.45376865370370373 0.42607354947916665 0.6594563250000001 0.5233352213541667 0.6064799018518519 0.6473612046875 0.6329623472222222 0.6331964604166667 0.4326640074074074 0.50942294375 0.3886576277777778 0.41461549114583335 0.45376865370370373
0 0.7569045932291666 0.6570084472222222 0.7403038682291666 0.4720535842592593 0.6374192328125 0.4354567407407407 0.6340679328125 0.43685272592592594 0.6486558984375 0.6377708675925926 0.6529442276041666 0.6351034083333333 0.7569045932291666 0.6570084472222222
0 0.7257434453125 0.2929340861111111 0.6233775385416667 0.24286259351851852 0.6162876135416667 0.2475274527777778 0.6302820609374999 0.42968105648148147 0.6324587286458333 0.4298194425925926 0.6340910505208334 0.4352592777777778 0.6380737890624999 0.43377242222222223 0.7411291380208334 0.47102484814814816 0.7257434453125 0.2929340861111111
1 0.6580515229166667 0.6988610018518518 0.7565699536458333 0.6577384305555555 0.6533827302083334 0.6354935666666667 0.555299740625 0.6817760703703704 0.6580515229166667 0.6988610018518518
1 0.5485921786458333 0.6786632574074074 0.64764809375 0.6336019703703704 0.5245715203125 0.6072089157407408 0.4270968171875 0.6593075574074073 0.5485921786458333 0.6786632574074074
1 0.4605333317708334 0.7218992398148147 0.5449585536458332 0.6812355333333333 0.422106153125 0.6607144601851851 0.3369788328125 0.70602215 0.4605333317708334 0.7218992398148147
6 0.5712844651041666 0.6933061972222223 0.5855688864583333 0.6875953601851852 0.5543666895833332 0.6823665666666666 0.5540044885416666 0.6787851398148148 0.5460759364583333 0.6803917490740741 0.5333089609375 0.6879259675925926 0.5712844651041666 0.6933061972222223
4 0.3180447645833333 0.32766195925925923 0.49403768645833335 0.17695407685185185 0.6156035354166666 0.23695207314814815 0.6162826786458333 0.24730074814814815 0.6236629531250001 0.24123101111111112 0.7265112630208334 0.29149241296296297 0.7292375963541667 0.3272066796296296 0.7624711802083334 0.30556816203703707 0.7551681098958334 0.21760182407407408 0.42434461979166666 0.02877492037037037 0.22919262343750002 0.2270274388888889 0.233528434375 0.3241874305555556 0.31937199583333337 0.35176955555555556 0.3180447645833333 0.32766195925925923