6 0.7391066062499999 0.6803091388888889 0.670167596875 0.5976377222222222 0.6112600239583333 0.5881337574074074 0.6794822052083334 0.6699897111111112 0.7391066062499999 0.6803091388888889
6 0.662665084375 0.5888908101851852 0.5858597645833333 0.49413497129629624 0.5280501864583333 0.4906793759259259 0.6045280255208334 0.5824495527777778 0.662665084375 0.5888908101851852
6 0.5960485145833334 0.5780834898148147 0.5179034786458333 0.48751580555555557 0.4659518979166667 0.48631945555555556 0.5419806322916667 0.5728430731481482 0.5960485145833334 0.5780834898148147
6 0.532774425 0.5721770731481481 0.4561075052083333 0.48499567962962964 0.4059245703125 0.48070831481481485 0.48383467447916667 0.565453524074074 0.532774425 0.5721770731481481
6 0.6099003234375 0.656748187962963 0.5415843177083333 0.5792431768518519 0.491059521875 0.5735062037037038 0.5596834984375001 0.6464777083333333 0.6099003234375 0.656748187962963
6 0.5495915979166667 0.5794675842592593 0.6168075166666667 0.655798712037037 0.6727796432291666 0.6688863805555556 0.6035993182291667 0.5868713657407407 0.5495915979166667 0.5794675842592593
5 0.7399783645833333 0.6801040851851852 0.7410428015625 0.6456506546296297 0.6720925536458334 0.5637741361111112 0.6709118901041666 0.5974959472222222 0.7399783645833333 0.6801040851851852
5 0.7413913223958333 0.6446696324074074 0.742839321875 0.6106371092592592 0.6751150427083333 0.5286641009259259 0.673005584375 0.5668086027777778 0.7413913223958333 0.6446696324074074
5 0.7425394729166667 0.6076261222222222 0.74582269375 0.5759184444444445 0.6769456260416666 0.4957447166666667 0.6749585729166667 0.5302295805555556 0.7425394729166667 0.6076261222222222
5 0.7460890796875 0.5763706564814816 0.7479453979166667 0.5498107898148148 0.6799629739583334 0.463121087962963 0.6773601526041666 0.4988968083333333 0.7460890796875 0.5763706564814816
5 0.747552509375 0.5489481583333333 0.7497644916666667 0.5170063592592592 0.6844977197916666 0.4323551490740741 0.6814803723958334 0.46497877685185185 0.747552509375 0.5489481583333333
5 0.6632035374999999 0.5877620342592593 0.6674601729166666 0.5565629111111111 0.5902644625 0.45980023425925926 0.5291233760416667 0.45559788148148145 0.5261008864583333 0.4907079166666667 0.588277925 0.4942854055555556 0.6632035374999999 0.5877620342592593
5 0.6661551182291666 0.5539729111111111 0.6693735302083332 0.52037495 0.5940149312499999 0.42471164074074075 0.5319893958333333 0.422053325 0.5295094947916666 0.4541697138888889 0.5899173729166667 0.4608379083333333 0.6661551182291666 0.5539729111111111
5 0.6694399177083333 0.521108387962963 0.6723859114583333 0.49023597407407404 0.5953912692708333 0.3890321037037037 0.5354660437500001 0.38970431944444445 0.5329521666666667 0.4197256722222222 0.5920269192708333 0.4226925296296296 0.6694399177083333 0.521108387962963
5 0.6720582796875 0.48639466666666664 0.6752182953125 0.4545984435185185 0.598833940625 0.35458806111111113 0.5391043901041667 0.35330255185185183 0.5357399526041667 0.3869638546296296 0.5963541270833334 0.3867035731481481 0.6720582796875 0.48639466666666664
5 0.5980718104166667 0.35247333703703704 0.6756775953125 0.45487306666666666 0.6753430791666666 0.45353014259259256 0.6777032505208334 0.4199965259259259 0.6013971307291667 0.3192034046296296 0.5418529703124999 0.3209329824074074 0.5403699916666667 0.35281500000000005 0.5980718104166667 0.35247333703703704
5 0.520136071875 0.4846529064814814 0.5228405697916666 0.45515935925925927 0.466868103125 0.4528031324074074 0.46477440833333333 0.4834904759259259 0.520136071875 0.4846529064814814
5 0.5215499921875 0.4544500083333333 0.5257410802083333 0.42371014814814817 0.46954410572916666 0.4187302027777778 0.46802149427083334 0.45100328240740745 0.5215499921875 0.4544500083333333
5 0.5279892875 0.41984479722222223 0.5312500869791666 0.3905016 0.47501399479166667 0.385913025 0.4707309578125 0.41902508148148143 0.5279892875 0.41984479722222223
5 0.5316753234375 0.388682062962963 0.5352302927083333 0.35554944074074074 0.4776844286458333 0.35432531666666667 0.4744815140625 0.383935612037037 0.5316753234375 0.388682062962963
5 0.5351571125 0.35384665092592593 0.5380231322916667 0.32030209444444446 0.4813124916666667 0.322896362962963 0.4785689645833333 0.3527804027777778 0.5351571125 0.35384665092592593
5 0.46007701406249996 0.4858997879629629 0.46249567708333333 0.45516589074074076 0.4072223557291667 0.44824966111111114 0.4065842802083333 0.47897782592592597 0.46007701406249996 0.4858997879629629
5 0.4619174630208333 0.41956197222222225 0.41085050625 0.4168198296296296 0.40917639166666664 0.44817373518518516 0.462607975 0.4564773111111111 0.46551816614583336 0.4200558555555556 0.4619174630208333 0.41956197222222225
5 0.46582605052083337 0.41941042777777776 0.46941499635416667 0.38837284259259264 0.41540179583333336 0.38345340555555557 0.4120815291666667 0.4142378101851852 0.46582605052083337 0.41941042777777776
5 0.4691513708333333 0.3861404944444444 0.4720854302083334 0.3567851351851852 0.41959640260416664 0.3560960240740741 0.4150938234375 0.38409971111111113 0.4691513708333333 0.3861404944444444
5 0.473275521875 0.3581067592592592 0.47514198333333335 0.32376926018518515 0.42138221302083334 0.32605410833333337 0.4189074526041667 0.3556840898148148 0.473275521875 0.3581067592592592
3 0.5640978645833333 0.6634644268518518 0.5002307989583333 0.5961688583333333 0.48203212447916666 0.5956574712962963 0.4814843942708333 0.6011375240740741 0.41265419427083333 0.5910925222222222 0.46878268854166666 0.6478809888888889 0.5640978645833333 0.6634644268518518
2 0.5035830375 0.5869738046296296 0.4911215307291667 0.5728858037037037 0.4891045088541667 0.5662870027777778 0.48458006458333336 0.5677302796296296 0.48241824322916665 0.5942293037037037 0.5014567677083334 0.5960723675925925 0.5647317869791666 0.6616971305555555 0.5663307171874999 0.6481347472222223 0.5578250197916667 0.648027086111111 0.5035830375 0.5869738046296296
1 0.48143120833333336 0.6002501675925925 0.36978666302083335 0.4849898092592593 0.28830284739583334 0.47982362314814814 0.39819563645833334 0.5878403092592592 0.48143120833333336 0.6002501675925925
0 0.4166612786458333 0.34709767037037037 0.39018550885416664 0.31011283703703707 0.30731368645833335 0.30909384166666665 0.2866276859375 0.47467443240740737 0.36772538177083336 0.48126878518518523 0.4805879442708333 0.5985268 0.48505585729166667 0.5684295231481481 0.40435186614583335 0.482428562037037 0.4166612786458333 0.34709767037037037
4 0.5416416541666667 0.3184557138888889 0.600995325 0.31685216759259255 0.6792120979166667 0.41786146574074073 0.6776422947916667 0.4288885462962963 0.6857075859375 0.4301212990740741 0.7504084234375 0.5154719555555555 0.7480087364583333 0.5535229009259259 0.8105368973958333 0.5641789564814814 0.8168457442708333 0.4706325833333333 0.6288017276041666 0.1874923564814815 0.2930224697916667 0.22045585833333334 0.2814581119791667 0.3080681611111111 0.30292826562499997 0.32967960740740737 0.3047714270833334 0.3112387240740741 0.3895151609375 0.3064683537037037 0.41950589427083335 0.3411524472222222 0.4193949572916667 0.3235360648148148 0.5416416541666667 0.3184557138888889