6 0.33991302083333336 0.36003888888888885 0.41787916666666663 0.39257685185185187 0.47445208333333333 0.37271574074074076 0.3964859375 0.3393324074074074
6 0.4074203125 0.34144537037037037 0.4882390625 0.37018055555555557 0.5355416666666667 0.35031944444444446 0.4549609375 0.3207388888888889
6 0.46328020833333333 0.3232740740740741 0.5455249999999999 0.35031944444444446 0.5887864583333333 0.3321481481481482 0.5053536458333333 0.3051027777777778
6 0.5155744791666667 0.3017222222222222 0.5942536458333334 0.32834537037037037 0.6382286458333333 0.31228703703703703 0.560025 0.28735462962962965
5 0.33943802083333335 0.3613064814814815 0.33991302083333336 0.39342222222222223 0.42025625000000005 0.43018703703703703 0.47445208333333333 0.4061 0.4732635416666667 0.3735611111111111 0.41669062500000004 0.3938453703703704
5 0.3392291666666667 0.39748518518518516 0.340096875 0.4318138888888889 0.420375 0.4655648148148148 0.475159375 0.4420351851851852 0.47429166666666667 0.40654907407407403 0.4190734375 0.4298851851851852
5 0.3402052083333333 0.4325851851851852 0.34096458333333335 0.4665287037037037 0.4201578125 0.502787037037037 0.4753765625 0.4767509259259259 0.4749421875 0.4437712962962963 0.41831406250000003 0.4682648148148148
5 0.34172395833333336 0.4678787037037037 0.3421583333333333 0.4998935185185185 0.4186390625 0.5384657407407407 0.4757015625 0.5133935185185186 0.47548489583333337 0.4784861111111111 0.4191817708333333 0.5033648148148149
5 0.34161562500000003 0.5010509259259259 0.34291770833333335 0.5340296296296296 0.4213515625 0.5745305555555557 0.47548489583333337 0.5469518518518518 0.4747255208333333 0.514550925925926 0.4190734375 0.540587037037037
5 0.34302604166666667 0.5355731481481482 0.3441109375 0.5673944444444444 0.4212427083333333 0.6100166666666667 0.476678125 0.582437962962963 0.4758104166666667 0.548687037037037 0.4190734375 0.577037962962963
5 0.3441109375 0.5685518518518518 0.3448703125 0.601724074074074 0.421134375 0.6456962962962963 0.4762442708333333 0.6156101851851852 0.47591875 0.5826305555555555 0.4193984375 0.6109814814814815 0.34400260416666667 0.5683592592592592
5 0.3451958333333333 0.6024953703703704 0.3455213541666666 0.6339314814814815 0.422653125 0.6790611111111111 0.4770036458333333 0.6485888888888889 0.476678125 0.6156101851851852 0.42091718749999996 0.6460814814814815
5 0.34660572916666665 0.6352814814814816 0.34682291666666665 0.666525 0.42276145833333334 0.7126185185185185 0.4779802083333333 0.6821462962962963 0.47678645833333333 0.6489750000000001 0.42297864583333333 0.680025
5 0.34769062500000003 0.6676824074074074 0.34769062500000003 0.6971898148148148 0.42297864583333333 0.7475259259259259 0.47830520833333334 0.7143546296296297 0.4778713541666667 0.6831111111111111 0.42276145833333334 0.7145472222222222
5 0.47472135416666666 0.3669907407407408 0.47534739583333335 0.40129722222222225 0.4895333333333333 0.4042648148148148 0.5384557291666667 0.38089907407407403 0.5373083333333334 0.34955925925925924 0.4882817708333333 0.37051388888888886
5 0.4752427083333333 0.402225 0.47586875 0.43486296296296295 0.4872385416666667 0.44042592592592594 0.5374125000000001 0.41798703703703705 0.5375166666666666 0.3864620370370371 0.4872385416666667 0.40648981481481483
5 0.4759729166666667 0.437087962962963 0.476703125 0.4684277777777778 0.48765572916666666 0.47436203703703705 0.5369953125 0.45192314814814816 0.536890625 0.4187296296296296 0.4872385416666667 0.4420953703703704
5 0.4757645833333333 0.47176574074074074 0.476703125 0.5047750000000001 0.48598697916666667 0.5088546296296296 0.5362651041666666 0.4858592592592592 0.5364734375 0.4537777777777778 0.48598697916666667 0.4752888888888889
5 0.47712031250000003 0.5086685185185185 0.4760770833333333 0.5388962962962963 0.4861953125 0.544087962962963 0.5357432291666666 0.5199805555555556 0.5358479166666666 0.4878990740740741 0.4842135416666667 0.5097814814814815
5 0.47701614583333335 0.5400083333333333 0.4765989583333334 0.5748722222222222 0.4850479166666667 0.5778388888888889 0.5362651041666666 0.5518768518518519 0.5358479166666666 0.5197953703703704 0.4856739583333333 0.5446444444444445
5 0.47691197916666667 0.5750574074074074 0.47639010416666666 0.6058407407407407 0.4850479166666667 0.6112185185185185 0.5356390624999999 0.5841435185185185 0.5358479166666666 0.5516916666666667 0.48515260416666667 0.5787657407407407
5 0.4776421875 0.6082518518518519 0.4778505208333333 0.6421870370370371 0.48390052083333335 0.6449694444444445 0.5348046875 0.6175231481481481 0.5343874999999999 0.5861842592592592 0.48442239583333335 0.6127018518518518
5 0.47837239583333335 0.6434851851851853 0.4779546875 0.6763092592592592 0.483275 0.6783490740740741 0.5340744791666666 0.649975925925926 0.5334484375 0.618450925925926 0.4835875 0.6458962962962963
5 0.47889375 0.6785342592592593 0.47868489583333335 0.7096888888888889 0.48379635416666666 0.7126555555555556 0.5334484375 0.681687037037037 0.5328229166666667 0.6510888888888889 0.48296197916666667 0.6805740740740741
5 0.5385598958333334 0.35011574074074076 0.5390812500000001 0.3805277777777778 0.5468005208333333 0.3827537037037037 0.589359375 0.3630962962962963 0.5886291666666666 0.3304583333333333 0.5453401041666667 0.35159907407407404
5 0.5389770833333334 0.3847935185185185 0.5388729166666667 0.41242407407407405 0.547321875 0.41780185185185187 0.5961395833333333 0.39777407407407406 0.5953052083333333 0.36606388888888886 0.5476348958333334 0.3844222222222222
5 0.5384557291666667 0.41724537037037035 0.5377255208333334 0.44839999999999997 0.5430453125 0.45229444444444444 0.5913416666666667 0.4320814814814815 0.5913416666666667 0.3994435185185185 0.5425239583333333 0.4189148148148148 0.5385598958333334 0.4176166666666667
5 0.5376208333333333 0.4524796296296296 0.5379338541666667 0.48548888888888886 0.5875864583333333 0.46379166666666666 0.5874817708333333 0.4331935185185185
5 0.5375166666666666 0.4858592592592592 0.5376208333333333 0.5188685185185186 0.5861260416666667 0.49513148148148145 0.5857088541666666 0.4649046296296296
5 0.5373083333333334 0.5201666666666667 0.536890625 0.5509499999999999 0.5845614583333333 0.5277694444444444 0.584665625 0.49661481481481484
5 0.5369953125 0.5524333333333333 0.5364734375 0.5841435185185185 0.5845614583333333 0.5574398148148147 0.5843526041666667 0.5286962962962962
5 0.5361609375 0.5865546296296297 0.5364734375 0.6151129629629629 0.5829963541666667 0.591562037037037 0.5837265625000001 0.5604074074074075
5 0.5358479166666666 0.6160398148148148 0.5354307291666667 0.6481212962962963 0.5834135416666667 0.620862037037037 0.5829963541666667 0.5923037037037037
5 0.5356390624999999 0.6497907407407407 0.5359520833333333 0.6807592592592593 0.5825791666666666 0.6509037037037037 0.5822661458333334 0.6227157407407408
5 0.5925963541666667 0.3300324074074074 0.59313125 0.3615777777777778 0.6378921875 0.34414074074074075 0.6379817708333333 0.3138638888888889
5 0.5947359375 0.3612601851851852 0.595984375 0.3929638888888889 0.6375359374999999 0.37536851851851855 0.637625 0.3450916666666667
5 0.5925963541666667 0.4000972222222222 0.5924177083333333 0.42656944444444445 0.6366442708333333 0.4075472222222222 0.6364656249999999 0.37711203703703705 0.5964302083333333 0.39391481481481483 0.5960734375 0.3996212962962963
5 0.5917046875 0.42752037037037033 0.5912588541666667 0.4576388888888889 0.6361088541666666 0.438775 0.6356630208333333 0.4083398148148148
5 0.5911692708333334 0.46001666666666663 0.5898317708333334 0.49156111111111106 0.6357526041666667 0.4690518518518519 0.6357526041666667 0.44020185185185184
5 0.5903671875000001 0.4923537037037037 0.590634375 0.5231064814814815 0.6342364583333333 0.5012305555555555 0.6348609374999999 0.4709537037037037
5 0.589296875 0.524374074074074 0.5899213541666666 0.5554435185185186 0.6336125 0.5311907407407408 0.6336125 0.5023407407407408
5 0.5888510416666667 0.5567120370370371 0.5888510416666667 0.5866712962962963 0.6332557291666667 0.5619425925925926 0.6332557291666667 0.5321416666666666
5 0.5880489583333334 0.588574074074074 0.5880489583333334 0.6194842592592593 0.6318291666666667 0.5925370370370371 0.6316510416666666 0.5643203703703704
5 0.5876921875 0.621387037037037 0.5869786458333334 0.6500787037037037 0.631115625 0.6234472222222222 0.631115625 0.5938046296296297
4 0.5832338541666666 0.6518222222222222 0.5839468750000001 0.6483351851851852 0.5872463541666666 0.6508712962962964 0.632096875 0.6237648148148148 0.6328098958333332 0.5746240740740741 0.7540739583333332 0.6310564814814815 0.75246875 0.7191916666666667 0.4363328125 0.95665 0.22853854166666665 0.7882546296296297 0.22538072916666665 0.6916861111111111 0.34523177083333334 0.6310490740740741 0.34681093749999997 0.6987037037037037 0.4219744791666667 0.7489537037037037 0.48118958333333334 0.7127398148148149 0.48482187499999996 0.7141435185185185