3 0.43380677083333335 0.48096944444444445 0.5385505208333333 0.5301861111111111 0.6090567708333333 0.49659259259259264 0.5013671875 0.45035555555555556
2 0.5204161458333333 0.5247675925925926 0.5188411458333333 0.5634185185185184 0.5401760416666667 0.5731712962962963 0.6094630208333334 0.5381324074074074 0.6092598958333333 0.49803703703703706 0.5393630208333333 0.5323537037037037
2 0.5194 0.5663083333333334 0.5190442708333334 0.6027916666666666 0.5393630208333333 0.6161574074074074 0.6104791666666666 0.5775064814814814 0.6094630208333334 0.5399388888888889 0.5393630208333333 0.5746166666666667
2 0.5186380208333333 0.6055916666666666 0.5198572916666666 0.6486675925925927 0.5407854166666667 0.6576981481481481 0.6084473958333334 0.6183240740740741 0.6088536458333333 0.5811185185185185 0.5397697916666666 0.6186861111111112
2 0.5206697916666667 0.6507444444444445 0.5196541666666666 0.6905694444444445 0.5385505208333333 0.7021287037037037 0.6094630208333334 0.6587814814814815 0.60743125 0.6208527777777777 0.5399729166666667 0.6587814814814815
6 0.5463223958333334 0.45161944444444446 0.6253119791666666 0.48503333333333337 0.6647302083333333 0.4622759259259259 0.5881286458333334 0.4326555555555555
5 0.5462296875 0.4532 0.5456947916666667 0.46825925925925926 0.6109645833333333 0.4950490740740741 0.610696875 0.5089981481481481 0.6237151041666666 0.5142296296296297 0.6659796875 0.492037037037037 0.6660687500000001 0.46239444444444444 0.6243390625 0.4849037037037037
5 0.610696875 0.5102666666666666 0.6102510416666667 0.5416527777777778 0.6225557291666667 0.5459324074074073 0.6648203125 0.5232648148148148 0.6648203125 0.4936222222222222 0.6221098958333333 0.5147046296296296
5 0.6109645833333333 0.5435546296296296 0.6113208333333334 0.5731972222222222 0.6224666666666666 0.5766851851851852 0.6640182291666666 0.5540166666666666 0.6644640625 0.5240574074074074 0.6230015625 0.54625
5 0.612034375 0.5758925925925926 0.6103401041666667 0.6022064814814815 0.6218427083333334 0.6074370370370371 0.6633937499999999 0.5828675925925926 0.6640182291666666 0.5551268518518518 0.6221994791666667 0.5779527777777778
5 0.610696875 0.6047425925925926 0.6095375 0.6323240740740741 0.621575 0.6386648148148149 0.6638395833333333 0.6134611111111111 0.6637505208333334 0.5844527777777777 0.6207723958333333 0.6071203703703704
1 0.305834375 0.5168231481481481 0.4140697916666667 0.5747648148148148 0.5180609375 0.5238296296296296 0.40785468750000003 0.47154814814814816
0 0.30522760416666667 0.514937037037037 0.30947239583333336 0.7081638888888889 0.4167984375 0.7821472222222222 0.5195770833333333 0.7169296296296296 0.5188192708333333 0.5253185185185185 0.41513125 0.5767925925925926
4 0.307046875 0.654137037037037 0.3078046875 0.7088444444444445 0.41755624999999996 0.7845722222222222 0.5209411458333333 0.7169296296296296 0.5195770833333333 0.6907888888888889 0.53926875 0.704262962962963 0.6102739583333334 0.6581796296296296 0.6090609375 0.6317694444444445 0.6220979166666667 0.6417407407407408 0.6658505208333333 0.6139824074074074 0.6646380208333333 0.6007777777777779 0.6752494791666667 0.5937703703703704 0.7532994791666667 0.6315 0.7519354166666666 0.7223194444444445 0.4358421875 0.9583027777777778 0.22840156250000002 0.7865601851851852 0.22582447916666668 0.692775925925926