6 0.6957466786458333 0.6847610212962963 0.759928225 0.6302535898148147 0.7030498776041667 0.6074030601851852 0.6371240380208333 0.6602175203703704 0.6957466786458333 0.6847610212962963
5 0.6358850890625 0.6753651277777777 0.6799672526041667 0.6960907870370371 0.6821639260416668 0.7137600768518518 0.696841878125 0.7197134787037037 0.7636822682291666 0.6663426277777778 0.7613404781249999 0.6332245314814814 0.6958586046874999 0.6856846259259259 0.6352466385416666 0.6593195425925926 0.6358850890625 0.6753651277777777
6 0.6290263729166666 0.6566483935185184 0.6964711213541667 0.6064161509259259 0.6431464156250001 0.5840673805555555 0.5750189072916666 0.6324449157407408 0.6290263729166666 0.6566483935185184
6 0.5664978921875 0.6288690611111111 0.6348300364583334 0.5817305 0.5852148276041667 0.5613248287037037 0.5164949786458333 0.6067228962962963 0.5664978921875 0.6288690611111111
6 0.5096257973958334 0.6034678907407407 0.5785729359374999 0.5586887055555555 0.5319090052083334 0.5396131851851852 0.46312171197916663 0.582625012037037 0.5096257973958334 0.6034678907407407
6 0.4556758244791667 0.5792587064814815 0.5249862036458334 0.5379565759259259 0.48201958645833337 0.5195300888888889 0.412419528125 0.5594215499999999 0.4556758244791667 0.5792587064814815
6 0.3636061354166667 0.6337692416666667 0.43999961770833335 0.5867775287037037 0.398770065625 0.5670904203703704 0.3204893015625 0.6113694490740741 0.3636061354166667 0.6337692416666667
6 0.4489810177083333 0.5896177879629629 0.37061381822916667 0.6373311574074074 0.41806489739583336 0.6611231120370371 0.4950834703125 0.612167112962963 0.4489810177083333 0.5896177879629629
6 0.5022330432291667 0.6144426462962963 0.42400747083333334 0.6650928564814815 0.4738681041666667 0.6918129388888888 0.5520838703125001 0.6387726314814816 0.5022330432291667 0.6144426462962963
6 0.5604483651041666 0.6428595953703704 0.48252416249999996 0.6961950296296296 0.5367114947916666 0.7241850037037038 0.6152547520833332 0.6671326370370371 0.5604483651041666 0.6428595953703704
6 0.6206410828125001 0.6697138555555556 0.5437498984375 0.7282229212962963 0.602806775 0.7592643935185185 0.67987676875 0.6975525888888889 0.6206410828125001 0.6697138555555556
5 0.6823678192708333 0.732571574074074 0.6796637005208334 0.697968775 0.6029163411458334 0.7597208111111111 0.5436683510416667 0.7279829703703703 0.5454631864583334 0.7621026814814814 0.6052674916666666 0.7952299722222222 0.6823678192708333 0.732571574074074
5 0.6161425411458333 0.6723909555555555 0.6204472197916666 0.6680485009259259 0.6300415026041667 0.6729894824074074 0.629058459375 0.6582480481481481 0.574660096875 0.6324821722222222 0.5751974026041666 0.6483769518518518 0.6148206171874999 0.6646902712962963 0.6161425411458333 0.6723909555555555
5 0.5396842203125 0.7590764555555556 0.5366948494791667 0.7268091277777777 0.4826074 0.6971917768518519 0.4847227473958334 0.7285755333333334 0.5396842203125 0.7590764555555556
5 0.4833752739583333 0.7203518648148148 0.4805743640625 0.689343475 0.47416683802083337 0.6919473305555556 0.42513253697916664 0.6662144018518519 0.42563896145833335 0.6964572222222223 0.47578574791666667 0.7249672009259259 0.4833752739583333 0.7203518648148148
5 0.4248719151041667 0.691260562962963 0.42148717864583335 0.6607792277777778 0.4170340859375 0.6621053361111111 0.3708103927083333 0.6402829851851852 0.3729566447916667 0.6675210444444445 0.41731141093749996 0.6928457435185186 0.4248719151041667 0.691260562962963
5 0.3720848963541667 0.6626915333333333 0.36853337656249996 0.6334986481481482 0.3636364307291667 0.6348625601851852 0.320759975 0.6135591166666667 0.32359035208333337 0.6415363824074074 0.36585428750000004 0.6652816222222222 0.3720848963541667 0.6626915333333333
5 0.4564334395833333 0.5932591379629629 0.4557671833333333 0.5786692175925926 0.41243743854166665 0.5612719027777778 0.41395394166666666 0.574389975925926 0.44147483750000005 0.5865330111111111 0.44280225312500004 0.5934223027777777 0.44841038072916667 0.5895106398148148 0.4564334395833333 0.5932591379629629
5 0.5104801088541666 0.6181390185185185 0.5094534213541667 0.6035790388888889 0.4632489359375 0.5834048962962962 0.4645343708333333 0.5966510962962963 0.49509298125 0.6113404888888889 0.4961488515625 0.6163139129629629 0.5023799822916667 0.6141809212962963 0.5104801088541666 0.6181390185185185
5 0.5671964 0.6439544092592593 0.5666506166666667 0.6286012685185185 0.5163949046874999 0.607579387962963 0.5175431140625 0.6206209861111112 0.552065175 0.6381047666666666 0.55388965625 0.6451678361111111 0.5606804088541666 0.6409419277777777 0.5671964 0.6439544092592593
4 0.42583155572916664 0.7001402472222222 0.42465417083333334 0.6923726240740741 0.4185840270833333 0.6957007324074075 0.3729104166666667 0.6704520759259259 0.37155585156250004 0.6633043481481481 0.3653716453125 0.6680533898148148 0.32253758020833334 0.6435780935185186 0.32106687031250003 0.6222965768518518 0.28663738489583335 0.6416947972222222 0.2959448390625 0.7304681601851852 0.6277964833333333 0.9414302027777778 0.8233338833333333 0.7562137018518518 0.8172334 0.6567323074074074 0.7627186463541666 0.6374654527777778 0.7639793515625001 0.6678141296296296 0.6953879437499999 0.7229243842592592 0.6827692369791667 0.7148968694444444 0.68330575625 0.7346173611111111 0.6064231078125 0.7978786805555556 0.5452677197916667 0.7640340703703704 0.544604609375 0.7556185481481482 0.5394612739583333 0.7620966518518518 0.48384091614583336 0.7300109018518519 0.4830973463541667 0.7220052055555556 0.47524348854166665 0.7270949851851851 0.42583155572916664 0.7001402472222222