1 0.25436614583333333 0.3012712962962963 0.3563385416666666 0.34119907407407407 0.46306614583333333 0.30690833333333334 0.35898020833333333 0.27026944444444445
1 0.3671697916666667 0.26980000000000004 0.468878125 0.30596944444444446 0.5618682291666667 0.27590648148148145 0.458046875 0.24349444444444443
1 0.46431041666666667 0.2432185185185185 0.5719067708333333 0.2726175925925926 0.649575 0.2467824074074074 0.5428473958333334 0.21953796296296296
6 0.36109375 0.40739166666666665 0.458046875 0.44027222222222223 0.5090328125 0.4139675925925926 0.41287239583333335 0.3829648148148148
6 0.42634531249999996 0.38014722222222225 0.5108817708333333 0.4120888888888889 0.5666234375 0.39048055555555555 0.47865260416666666 0.35712962962962963
6 0.5016359375 0.3491444444444445 0.5795677083333334 0.3834351851851852 0.6331958333333334 0.3641759259259259 0.5563203125 0.33223425925925926
6 0.5639817708333333 0.32988518518518517 0.64270625 0.35853888888888885 0.6892645833333333 0.3384916666666667 0.6049921875000001 0.31171666666666664
6 0.6071770833333333 0.31091574074074074 0.6921708333333334 0.3375518518518518 0.7344390625 0.32064166666666666 0.6493739583333333 0.2948064814814815
5 0.35957135416666663 0.4073203703703704 0.35983645833333333 0.4456805555555555 0.45784583333333334 0.47950185185185185 0.5101526041666667 0.45037777777777777 0.5098885416666666 0.41373888888888893 0.45758177083333335 0.44239259259259256
5 0.5109078125 0.4136592592592593 0.5104171875 0.44896851851851854 0.5674791666666666 0.4264212962962963 0.5656296875 0.3897824074074074
5 0.3684619791666667 0.44952314814814814 0.36899791666666665 0.478300925925926 0.45431614583333335 0.5204194444444444 0.5151963541666666 0.4925944444444444 0.5143385416666667 0.4539064814814815 0.45463749999999997 0.4805879629629629
5 0.3658359375 0.477875 0.3663182291666667 0.5141305555555555 0.450671875 0.5577740740740741 0.5117661458333334 0.5297583333333333 0.5113375 0.4946907407407407 0.4515291666666667 0.5217537037037038
5 0.36537291666666666 0.5145824074074075 0.3658015625 0.5513648148148148 0.4495119791666667 0.5978675925925926 0.5095348958333333 0.5675648148148148 0.5095348958333333 0.5315444444444444 0.44854739583333336 0.5599416666666667
5 0.3638135416666667 0.5513138888888889 0.36376510416666663 0.5884962962962963 0.4484401041666667 0.6359518518518519 0.5081411458333334 0.6046962962962963 0.5074984375 0.5692472222222222 0.4473682291666667 0.5999314814814816
5 0.3649390625 0.5898898148148148 0.3658015625 0.6245166666666666 0.4487614583333333 0.673687037037037 0.5085697916666666 0.6409064814814814 0.5082484375 0.6043148148148147 0.447796875 0.6372851851851852
5 0.3667067708333333 0.6261805555555555 0.36773072916666666 0.6610759259259259 0.4510125 0.7123425925925926 0.5102848958333334 0.6765129629629629 0.5099635416666667 0.640112037037037 0.45058385416666663 0.6753694444444445
5 0.3692317708333333 0.6637444444444445 0.36998177083333333 0.6940472222222223 0.45390625 0.7476009259259259 0.5122140625 0.7117712962962963 0.5113567708333333 0.6759416666666667 0.45251302083333333 0.7134861111111112
5 0.3697609375 0.6941898148148148 0.3701963541666667 0.7308296296296297 0.45465677083333333 0.7862888888888889 0.5123213541666667 0.7485537037037037 0.5115713541666667 0.712724074074074 0.4536921875 0.7493157407407407
5 0.3707322916666667 0.732425 0.37105364583333333 0.7674925925925926 0.45562135416666666 0.8242861111111112 0.5125359374999999 0.7852166666666667 0.5125359374999999 0.7497685185185186 0.454978125 0.7884564814814815
5 0.5121734375 0.45101388888888894 0.5152156250000001 0.454875 0.5153510416666667 0.4859407407407408 0.5678713541666667 0.46192685185185184 0.5675494791666666 0.42609722222222224
5 0.5156729166666667 0.4870518518518518 0.5153510416666667 0.493912962962963 0.51235 0.4942935185185185 0.5125645833333333 0.525549074074074 0.5685140625 0.4986768518518519 0.5683 0.4622759259259259
5 0.5121088541666666 0.5264527777777778 0.510528125 0.5329824074074074 0.5106354166666667 0.563475 0.5706578125 0.5341259259259259 0.5695859375 0.4988675925925926
5 0.5173880208333334 0.5664925925925927 0.5179239583333334 0.600225 0.5725874999999999 0.5695416666666667 0.572265625 0.5348555555555555
5 0.5197458333333334 0.6003129629629629 0.5199604166666666 0.6359518518518519 0.5737661458333334 0.6056490740740741 0.5734447916666666 0.5703907407407408
5 0.51878125 0.6382388888888889 0.5188885416666666 0.6712092592592592 0.5726942708333334 0.6391916666666667 0.5724802083333334 0.6064111111111111
5 0.5201458333333333 0.6710444444444444 0.5213536458333333 0.7070935185185184 0.5746239583333334 0.6739324074074073 0.5743020833333333 0.6398175925925926
5 0.5210317708333333 0.7086185185185185 0.521675 0.7438759259259259 0.5746239583333334 0.7099527777777778 0.5745166666666666 0.6746944444444444
5 0.5217531249999999 0.7444824074074075 0.5214609375 0.7799833333333333 0.5750526041666667 0.7437731481481481 0.573659375 0.7125175925925926
5 0.5018463541666667 0.3512148148148148 0.5029182291666666 0.3653175925925926 0.5681927083333334 0.38914074074074073 0.5677640625 0.41239166666666666 0.5803046875 0.4169657407407407 0.6337932291666667 0.3986694444444444 0.6340078125 0.36569907407407404 0.5791296875 0.38456666666666667
5 0.5680901041666666 0.4137092592592592 0.5688401041666666 0.4421064814814815 0.5939213541666667 0.4510638888888889 0.6410817708333333 0.4301 0.6422609375 0.39522314814814813 0.5935994791666667 0.41733055555555554 0.5782723958333332 0.41828333333333334
5 0.5686260416666666 0.444187037037037 0.5691619791666667 0.47982592592592593 0.5930635416666666 0.4901166666666667 0.6411890625000001 0.46648518518518517 0.6409744791666667 0.43198888888888887 0.5926348958333333 0.45466851851851847
5 0.5691317708333333 0.4827324074074074 0.5705192708333333 0.5183231481481482 0.5892765625 0.5267092592592593 0.6397598958333333 0.5030768518518518 0.6402958333333333 0.46743796296296297 0.5902411458333333 0.49183240740740736
5 0.5710552083333333 0.5210629629629631 0.5729843750000001 0.5342129629629631 0.5730916666666667 0.5561296296296296 0.588740625 0.5628 0.636865625 0.5376435185185185 0.6371875 0.5044814814814815 0.588740625 0.5284953703703703
5 0.5729635416666666 0.5593148148148147 0.5745921875000001 0.5919268518518518 0.5876687500000001 0.5985972222222222 0.6354723958333334 0.5692472222222222 0.6361156250000001 0.5391351851851851 0.5869182291666667 0.5650546296296296
5 0.5743781250000001 0.5957388888888889 0.5738421875 0.6073638888888888 0.5729843750000001 0.6287092592592592 0.5855250000000001 0.6344268518518519 0.6337572916666667 0.6048861111111111 0.6340791666666666 0.5728685185185185 0.5854177083333333 0.6006935185185185
5 0.5734130208333333 0.6305990740740741 0.5731989583333333 0.6384129629629629 0.5749135416666667 0.6408907407407408 0.5748067708333333 0.6658564814814815 0.5829526041666667 0.67005 0.6317208333333333 0.6395564814814815 0.6316140625000001 0.6065851851851851 0.582309375 0.636887962962963
5 0.5752354166666667 0.668024074074074 0.5753427083333332 0.7008046296296296 0.5818807291666667 0.7053787037037037 0.6301130208333333 0.6733601851851853 0.6306489583333333 0.6421046296296296 0.5820953125 0.6706925925925925
5 0.5755567708333333 0.7027101851851852 0.5753427083333332 0.7370148148148148 0.581559375 0.740636111111111 0.6298989583333333 0.7078564814814815 0.6301130208333333 0.6750759259259259 0.5814520833333333 0.7057592592592593
5 0.6437838541666667 0.35760555555555557 0.6437838541666667 0.3905768518518518 0.6893369791666667 0.3718990740740741 0.6895510416666667 0.3389287037037037
5 0.6445338541666668 0.39476944444444445 0.6426046875 0.4245 0.6904083333333334 0.4039175925925926 0.6893369791666667 0.37228055555555556
5 0.6424630208333333 0.4258675925925926 0.64206875 0.460575 0.6895510416666667 0.4386583333333333 0.6892296874999999 0.40549722222222223
5 0.6424630208333333 0.46072962962962966 0.6406755208333333 0.49449907407407406 0.6436765624999999 0.4954518518518518 0.6888010416666667 0.472962962962963 0.68869375 0.44075462962962964
5 0.6405682291666667 0.4962851851851852 0.638103125 0.528875 0.6429265625 0.531162037037037 0.6869786458333333 0.5067675925925925 0.6873005208333333 0.47474907407407413
5 0.6376744791666666 0.5321148148148148 0.6362807291666667 0.5641324074074074 0.6411041666666667 0.5662296296296296 0.6861213541666668 0.5416444444444445 0.6867645833333333 0.5088638888888889 0.6417473958333333 0.5328768518518519
5 0.6363880208333333 0.5659194444444444 0.6360666666666667 0.5731611111111111 0.6345661458333333 0.5748768518518518 0.6340302083333333 0.5985083333333333 0.6404609375 0.6011768518518518 0.6855854166666667 0.5712555555555555 0.6851567708333334 0.5426675925925926 0.6411041666666667 0.567825
5 0.6344260416666666 0.5990342592592592 0.6336015625000001 0.60745 0.6321005208333333 0.6080212962962963 0.63199375 0.6320351851851852 0.6384244791666667 0.6354657407407407 0.6827984375 0.6082120370370371 0.6840848958333333 0.5756222222222223 0.6389604166666667 0.602113888888889
5 0.6322078125 0.6333694444444444 0.6321005208333333 0.6425166666666666 0.6311359375 0.6436601851851852 0.630921875 0.6655777777777777 0.6376744791666666 0.6695796296296296 0.6816197916666666 0.6404203703703704 0.6820484375 0.6091648148148149 0.6368166666666667 0.6371805555555555
5 0.6312432291666668 0.6680555555555555 0.6303859374999999 0.7002638888888889 0.6369239583333334 0.704075 0.6815125 0.6747259259259258 0.6819411458333333 0.642136111111111 0.6367098958333333 0.6711046296296297
5 0.6906838541666667 0.3375703703703704 0.6903864583333333 0.3692472222222222 0.7331526041666667 0.3524759259259259 0.7334744791666666 0.3208398148148148
5 0.6909223958333333 0.3706527777777778 0.6903864583333333 0.40457592592592595 0.7316520833333333 0.38418425925925925 0.7322953125 0.3535
5 0.6902791666666667 0.4053388888888889 0.6899578125 0.436975 0.7307947916666666 0.4167740740740741 0.7312234375000001 0.3857083333333333
5 0.690034375 0.43729814814814816 0.6893145833333333 0.47086666666666666 0.7304734375 0.4495212962962963 0.7306875 0.4175037037037037
5 0.6885880208333333 0.4707314814814815 0.6880286458333333 0.503075 0.7302588541666667 0.4823018518518518 0.7301515625 0.44894999999999996
5 0.6884270833333334 0.5038787037037037 0.6874927083333334 0.5368083333333333 0.7299375 0.5139388888888888 0.7304734375 0.4824925925925926
5 0.6876 0.539062962962963 0.6869567708333334 0.5707 0.729615625 0.5459240740740741 0.729615625 0.5139064814814814
5 0.6858552083333334 0.5704592592592592 0.6839557291666666 0.6038453703703703 0.6859921875 0.6042259259259259 0.72779375 0.5786879629629629 0.7283296875 0.5472416666666666
5 0.6836338541666667 0.6046074074074074 0.6826692708333333 0.6371972222222222 0.6852416666666666 0.6383407407407408 0.7272578125 0.6108962962962963 0.7266145833333333 0.57945
5 0.6825619791666667 0.6380305555555555 0.6823479166666666 0.6698574074074074 0.6853489583333333 0.6708101851851852 0.7269359375000001 0.6427944444444444 0.7268291666666666 0.6124925925925926 0.6857776041666667 0.6395546296296297
4 0.5753786458333334 0.7384675925925925 0.5817026041666666 0.7417074074074074 0.6300421875000001 0.7083555555555555 0.6306854166666667 0.7013037037037038 0.6381880208333333 0.7043527777777778 0.6821333333333333 0.6746222222222222 0.6824552083333334 0.6696666666666666 0.6867421875 0.6715731481481482 0.7276864583333332 0.6435574074074074 0.7276864583333332 0.6193527777777778 0.7549109375 0.632312962962963 0.7528744791666667 0.7209342592592592 0.4363046875 0.9559546296296296 0.4121885416666667 0.937087037037037 0.41261718750000004 0.9226027777777778 0.3488911458333333 0.8707305555555556 0.34042343750000004 0.8766379629629629 0.30869739583333333 0.8524342592592593 0.3082682291666667 0.8385222222222223 0.2548703125 0.7950685185185185 0.24672447916666668 0.8005962962962963 0.22861041666666668 0.7874453703703704 0.22657395833333333 0.6929712962962963 0.2583005208333333 0.6760092592592593 0.25883645833333335 0.6824888888888888 0.3566947916666667 0.7524333333333334 0.3702 0.7451907407407408 0.37030729166666665 0.7693953703703704 0.4565953125 0.8263796296296296 0.5130354166666666 0.7863564814814815 0.5133567708333333 0.775112037037037 0.5216098958333333 0.7825453703703704 0.5751838541666667 0.7463342592592593
0 0.25424479166666664 0.3016101851851852 0.25895677083333335 0.4958990740740741 0.36026562500000003 0.552174074074074 0.3655140625 0.5499120370370371 0.36471875 0.47836574074074073 0.3669453125 0.4752555555555555 0.36726354166666664 0.45065277777777774 0.35867499999999997 0.445562037037037 0.35931145833333333 0.4039925925925926 0.4644375 0.3624222222222222 0.4647557291666667 0.3081259259259259 0.3559713541666667 0.3426268518518518
0 0.2538671875 0.496262962962963 0.25943385416666664 0.6817740740740741 0.3583572916666667 0.7523277777777778 0.37044427083333337 0.7435611111111111 0.36789947916666665 0.6632490740740741 0.3658322916666667 0.6604212962962963 0.3640828125 0.5902888888888889 0.3621739583333333 0.5900064814814815 0.3628104166666667 0.5518296296296297 0.35374479166666667 0.5526777777777778
0 0.4652619791666667 0.3066203703703704 0.46637500000000004 0.36148148148148146 0.4816432291666667 0.3561092592592593 0.49881927083333333 0.36402685185185185 0.5013640625 0.3490388888888889 0.5568692708333334 0.33037500000000003 0.5619588541666667 0.32443611111111115 0.5627536458333334 0.27636203703703704
0 0.5642994791666667 0.27150555555555556 0.5633901041666667 0.3250018518518519 0.6492723958333334 0.29389537037037033 0.6499083333333334 0.24723425925925924 0.5713421875000001 0.2735342592592592