0 0.3042807291666667 0.29661574074074076 0.3080239583333333 0.4867537037037037 0.3941208333333333 0.532862037037037 0.39773854166666667 0.5317842592592592 0.39596145833333335 0.32872685185185185 0.39088541666666665 0.3282759259259259
0 0.30725104166666667 0.4895935185185185 0.31118541666666666 0.6739240740740741 0.396215625 0.7319083333333334 0.39443854166666664 0.5338148148148149
0 0.39570781250000003 0.5356203703703704 0.3973578125 0.7328111111111112 0.49596718749999996 0.7980148148148148 0.6122583333333333 0.7204018518518518 0.614415625 0.5270462962962963 0.4933427083333333 0.5904453703703704
0 0.39638281249999996 0.32917870370370367 0.39841354166666665 0.5351685185185185 0.4970234375 0.5861583333333333 0.6173348958333332 0.5245648148148148 0.61835 0.32353796296296294 0.4966427083333333 0.3677592592592593
0 0.7258026041666666 0.2838287037037037 0.7213609375 0.46996481481481484 0.6213552083333334 0.5211805555555555 0.6179286458333333 0.5202777777777777 0.6193244791666667 0.31857407407407407 0.6237666666666667 0.3206046296296296
0 0.6180557291666666 0.5218574074074074 0.6167864583333333 0.5274972222222222 0.6146291666666667 0.527949074074074 0.6125984375000001 0.7109259259259259 0.619959375 0.714536111111111 0.71856875 0.6500092592592592 0.7222494791666667 0.4708675925925926 0.6221166666666667 0.5227592592592593
1 0.725421875 0.2831518518518518 0.6246854166666667 0.2565287037037037 0.5235375 0.28834166666666666 0.6241776041666667 0.3201537037037037
1 0.5170651041666666 0.2924027777777778 0.61859375 0.3228611111111111 0.49782552083333337 0.3668564814814815 0.3974109375 0.32917870370370367
1 0.42660052083333333 0.2621694444444444 0.5132807291666667 0.2903722222222222 0.3923520833333333 0.3285018518518518 0.3046697916666667 0.295787037037037
6 0.5386932291666666 0.27457870370370374 0.5532828125000001 0.27818888888888893 0.5225703125 0.2878898148148148 0.52244375 0.2915 0.5144479166666667 0.2910490740740741 0.5012494791666666 0.2854083333333333
4 0.49553854166666667 0.7986916666666667 0.6126083333333334 0.7215305555555556 0.6126083333333334 0.7111518518518518 0.62035 0.7161157407407407 0.7194270833333333 0.6513305555555555 0.7198078124999999 0.6154574074074074 0.754296875 0.6321537037037037 0.7527739583333334 0.7205962962962963 0.4358546875 0.9559620370370371 0.22868072916666668 0.7871990740740741 0.22665 0.6900518518518518 0.310284375 0.6502527777777778 0.3105380208333333 0.6743935185185186