1 0.3594763645833333 0.779951325 0.4754624411458333 0.7747188731481481 0.5581844921875 0.719811237037037 0.44327375104166666 0.7208362324074075 0.3594763645833333 0.779951325
1 0.7346368494791666 0.6422667231481481 0.6473708505208333 0.6370855592592592 0.527284603125 0.7181164268518518 0.6148845625 0.7176253027777778 0.7346368494791666 0.6422667231481481
0 0.6251903776041666 0.4395594046296296 0.5086953963541666 0.5309448407407408 0.5266270713541666 0.7174804083333333 0.64738175625 0.6357987314814815 0.7337340286458333 0.6429955324074074 0.7126459203125 0.45366081018518517 0.6251903776041666 0.4395594046296296
0 0.6916976057291666 0.27668599814814815 0.6032229010416666 0.24581195740740744 0.5823780135416666 0.2698607925925926 0.5870049484375 0.31067119444444447 0.5804358921875 0.3184184787037037 0.5890425359375 0.3874217611111111 0.5993145526041667 0.3912750731481482 0.6036082130208332 0.436475275 0.5258023614583334 0.5030071694444445 0.5068176442708333 0.4964922333333333 0.5100314052083333 0.5296453861111111 0.6254745041666666 0.43732587314814814 0.7109003390624999 0.4503911972222222 0.6916976057291666 0.27668599814814815
0 0.4267124442708334 0.5265728490740741 0.344464671875 0.5975777361111111 0.35873283281249996 0.7810545444444444 0.44266536614583335 0.7180439453703704 0.5259962708333333 0.7185451749999999 0.5088328661458333 0.5351770435185186 0.4267124442708334 0.5265728490740741
0 0.387947390625 0.36151589074074075 0.32881195104166666 0.4175573907407407 0.34185304010416667 0.5954530537037037 0.42645177031250003 0.5236648472222223 0.5084112692708334 0.5331783712962963 0.5054817166666666 0.49779259814814814 0.4085967546875 0.4838344824074074 0.4043421057291667 0.44717719907407405 0.39623718645833333 0.44859126111111114 0.387947390625 0.36151589074074075
3 0.40868267239583334 0.48209433425925924 0.5269893911458333 0.5000457398148148 0.6013436067708333 0.4355173648148148 0.48448278437500003 0.4093846527777778 0.40868267239583334 0.48209433425925924
2 0.48033818437500003 0.3658473361111111 0.404810175 0.4388938851851852 0.40845928437499995 0.4796022814814815 0.48468047760416666 0.4088914416666667 0.6013436067708333 0.4355173648148148 0.5978669302083334 0.3913294111111111 0.48033818437500003 0.3658473361111111
2 0.46560180052083333 0.32840035 0.39355223333333333 0.40242920925925924 0.39687993020833334 0.444955187037037 0.4806590005208333 0.36402901574074076 0.5881024291666667 0.3877346222222222 0.5848766432291667 0.35715186666666665 0.46560180052083333 0.32840035
2 0.4602443958333333 0.28483828981481485 0.38881352239583333 0.3603718703703704 0.392537121875 0.4019112537037037 0.46628182968750004 0.325180225 0.5837871234374999 0.3558038333333334 0.5800635239583334 0.3142644490740741 0.4602443958333333 0.28483828981481485
2 0.4637693671875 0.2323316675925926 0.3896173276041666 0.31262042777777777 0.3944419567708334 0.3529376185185185 0.4680004817708333 0.27412957499999996 0.586546065625 0.308256575 0.5818938697916667 0.26445982592592593 0.4637693671875 0.2323316675925926
3 0.3409791880208333 0.5953155074074074 0.33779203541666664 0.5420478805555555 0.31394526562499997 0.5380058425925925 0.2561863140625 0.5893113046296296 0.3442961109375 0.5972064120370371 0.3409791880208333 0.5953155074074074
2 0.3354219864583333 0.5009138222222222 0.31016428385416667 0.4973413314814815 0.25292108229166665 0.550186712962963 0.2554066963541667 0.5887159166666667 0.3118209703125 0.5374295944444444 0.337052896875 0.5380159101851852 0.3354219864583333 0.5009138222222222
2 0.33173987187500004 0.46088472314814816 0.30787436822916664 0.45745630555555555 0.25068740625 0.5130358935185185 0.2539570489583333 0.549511075 0.3107399411458333 0.4971113277777778 0.33502141979166666 0.49877692777777777 0.33173987187500004 0.46088472314814816
2 0.30512629583333334 0.4165436574074074 0.24831568072916665 0.4750433685185185 0.25095098645833336 0.5121355148148148 0.30821491875 0.45612444999999996 0.331616184375 0.4595049009259259 0.32865696770833336 0.4200835055555555 0.30512629583333334 0.4165436574074074
4 0.246947725 0.47773226018518516 0.304609540625 0.4159039074074074 0.3283398390625 0.4203924435185185 0.3917998072916667 0.35599993703703703 0.38743597916666667 0.31394062777777776 0.4649652994791667 0.22890142407407407 0.5833202588541667 0.2650030685185185 0.6056070734375001 0.24552936481481483 0.6924025854166668 0.2737856342592593 0.6949977916666668 0.2828819824074074 0.7392377755208333 0.2435207064814815 0.7305222083333334 0.14629239074074074 0.5072244947916666 0.05232540925925926 0.21611068489583335 0.38626954907407407 0.22146792083333333 0.4742327453703704 0.246947725 0.47773226018518516