6 0.7100963052083333 0.3974318833333333 0.6655699213541666 0.3636234888888889 0.5740855947916667 0.3984902861111111 0.61881019375 0.42850627129629626 0.7100963052083333 0.3974318833333333
6 0.6630348786458333 0.3617333944444444 0.6168933468750001 0.3273492074074074 0.5225718880208333 0.3658146601851852 0.5704604739583333 0.3987592638888889 0.6630348786458333 0.3617333944444444
3 0.6023818427083333 0.4371690814814815 0.5013257651041667 0.3739716574074074 0.4263153765625 0.40375216574074074 0.5292320473958333 0.46422370925925927 0.6023818427083333 0.4371690814814815
3 0.5231015822916667 0.46585172314814816 0.42035113593749995 0.4060472083333333 0.3531777239583333 0.43307971481481483 0.4557392635416667 0.48734580277777784 0.5231015822916667 0.46585172314814816
5 0.710123640625 0.39688439166666667 0.7115721942708333 0.36094378703703706 0.6685948296875 0.32962208425925926 0.6663174458333334 0.3623550814814815 0.710123640625 0.39688439166666667
5 0.712440521875 0.3595710648148148 0.7149798729166666 0.3277510166666667 0.6703317192708333 0.2950212018518519 0.6682140265625001 0.32885016018518515 0.712440521875 0.3595710648148148
5 0.7136476244791666 0.3263784472222222 0.7158719036458333 0.2942557564814815 0.6721600281250001 0.2596221574074074 0.6703099432291667 0.293324775 0.7136476244791666 0.3263784472222222
5 0.7163147833333333 0.2923769231481481 0.7180738927083333 0.2604365833333333 0.6748569786458333 0.22600845277777779 0.6732125526041667 0.258345525 0.7163147833333333 0.2923769231481481
5 0.7191264177083333 0.25915995 0.7214394562499999 0.2279713351851852 0.6781383833333333 0.19060659444444444 0.6760341359375001 0.22428252685185185 0.7191264177083333 0.25915995
5 0.6728083463541666 0.2191675 0.6752203760416666 0.184908 0.6279705463541667 0.144817725 0.5352496713541667 0.19209133981481483 0.532762246875 0.22526466388888888 0.6268226588541667 0.18105946111111113 0.6728083463541666 0.2191675
5 0.670956053125 0.2556432212962963 0.6730654161458334 0.21996480833333334 0.6266707010416667 0.18181382592592593 0.5325527208333333 0.22570504537037037 0.5296462447916667 0.25975913055555555 0.6241072291666666 0.2168277453703704 0.670956053125 0.2556432212962963
5 0.668773303125 0.29142999166666667 0.6712543385416667 0.25613691666666666 0.6247623963541666 0.21812922777777777 0.5300601807291667 0.26088085 0.527332471875 0.2938754435185185 0.6215653692708333 0.25353994629629634 0.668773303125 0.29142999166666667
5 0.6672039057291667 0.326317087962963 0.6695957333333333 0.291554712962963 0.6224340109375 0.25532528518518516 0.528058653125 0.2953378851851852 0.5246252906250001 0.33149410925925926 0.6199726619791667 0.2911211805555555 0.6672039057291667 0.326317087962963
5 0.6649876625 0.36248503425925926 0.6674958671875 0.3261558638888889 0.620164140625 0.29283636018518516 0.5254587927083334 0.3317351203703704 0.5231540020833333 0.3647741166666667 0.6174979489583333 0.32706917592592594 0.6649876625 0.36248503425925926
2 0.5066742401041666 0.33053326388888893 0.4297593557291667 0.3620559990740741 0.4264721828125 0.40238710833333335 0.5035040848958333 0.37395887222222224 0.6043814348958333 0.4381680564814815 0.6056333796875 0.42027327685185184 0.5228103458333334 0.3667410537037037 0.5242483223958333 0.34162312037037035 0.5066742401041666 0.33053326388888893
2 0.5242604807291666 0.33800398981481483 0.527160609375 0.29624510833333334 0.5103221234375 0.2855413592592592 0.4345770994791666 0.3178027972222222 0.43062066093749995 0.35991222037037035 0.50766725625 0.32840331388888894 0.5242604807291666 0.33800398981481483
2 0.5266395723958334 0.29341706851851856 0.5295933203125 0.25104793703703704 0.5148764619791667 0.2414907564814815 0.43811843489583335 0.2774983740740741 0.4345241322916667 0.31548627962962966 0.5116422562499999 0.2841383851851852 0.5266395723958334 0.29341706851851856
2 0.5297582088541667 0.25014049074074074 0.533349296875 0.20830065092592592 0.5185257713541667 0.19703813055555558 0.4426503458333333 0.23467811388888887 0.43879676510416665 0.2746418148148148 0.5148681322916667 0.2396413037037037 0.5297582088541667 0.25014049074074074
2 0.4258263520833333 0.4069421546296296 0.4290650213541667 0.36521881666666667 0.4258514286458333 0.3628784074074074 0.3567176921875 0.3938309425925926 0.35352512760416666 0.43016594907407407 0.4224747625 0.40520313703703703 0.4258263520833333 0.4069421546296296
2 0.429462296875 0.3626416277777778 0.43335101770833334 0.3242222546296296 0.428626409375 0.3215687657407407 0.3596446302083333 0.3517669351851852 0.3561122770833334 0.3909940435185185 0.4253967229166667 0.3622147870370371 0.429462296875 0.3626416277777778
2 0.4331551572916667 0.32158185648148147 0.43666061927083333 0.28266080185185183 0.4315528328125 0.2795047055555555 0.36356914375000005 0.31196511944444444 0.35966697708333334 0.35053751944444445 0.42699974270833335 0.32062766388888886 0.4331551572916667 0.32158185648148147
2 0.43708916770833334 0.28070277777777775 0.4412047270833333 0.24261515925925928 0.4345780276041667 0.23729751296296298 0.3663077359375 0.27203879444444445 0.36332396354166663 0.3108611185185185 0.4308220510416667 0.2800447972222222 0.43708916770833334 0.28070277777777775
4 0.5608569067708333 0 0.2656064557291667 0.17946889629629628 0.25604131979166667 0.2686874861111111 0.360734025 0.3327319037037037 0.3658713317708333 0.27219515 0.4340072395833333 0.2348938685185185 0.4411010453125 0.24128359259259258 0.4417563770833333 0.23382516944444445 0.5180793036458333 0.19524657222222222 0.5332531916666666 0.20528135555555557 0.5343973260416667 0.18972458981481483 0.6262035213541667 0.14228287222222222 0.7222539677083333 0.226732425 0.7174221859375 0.2893351601851852 0.7813573354166666 0.2646929518518518 0.7882335921875 0.16612793888888888 0.6219885651041667 0 0.5608569067708333 0