1 0.6285985036458333 0.5891420166666667 0.6209162864583334 0.6632132166666667 0.6289047572916666 0.6702450814814814 0.7160321526041666 0.6733975342592592 0.6285985036458333 0.5891420166666667
0 0.6280480234375 0.6713994055555556 0.6211775125 0.6646633 0.6194861041666667 0.6829031296296296 0.6219069953125 0.6858711351851852 0.6140113630208333 0.7702301342592592 0.6160426739583333 0.7733073814814815 0.6070995005208334 0.8518849203703703 0.6100409890624999 0.8554670999999999 0.6988722677083333 0.8494885981481481 0.7175678963541666 0.6755565212962963 0.6280480234375 0.6713994055555556
2 0.6274148239583333 0.594478762037037 0.6314193640625 0.5515575222222223 0.5551787203124999 0.5442196055555555 0.4373618541666667 0.43174296296296294 0.43428782916666664 0.4744945583333333 0.5513714088541666 0.5890527194444444 0.6274148239583333 0.594478762037037
3 0.6309746135416667 0.5506138398148148 0.5143304880208334 0.44460095 0.4380056140625 0.4316961601851852 0.554821559375 0.5437376944444444 0.6309746135416667 0.5506138398148148
2 0.623116159375 0.6395920453703704 0.6269460973958334 0.5963058842592592 0.5486403015625 0.5896034981481482 0.43430267552083335 0.47505739722222223 0.4312014114583333 0.5176071657407408 0.5440451546875 0.6340633287037037 0.623116159375 0.6395920453703704
2 0.6190297973958334 0.6841058194444445 0.6225147750000001 0.6417679972222222 0.5421474380208333 0.6357493601851852 0.43242304427083333 0.5187415046296296 0.42870086875 0.5607185037037037 0.5391402562500001 0.6804052009259259 0.6190297973958334 0.6841058194444445
2 0.6170086791666667 0.7297653138888889 0.6209249109375 0.6875946361111112 0.5405501989583333 0.6843818953703703 0.43087594739583335 0.5635224111111111 0.427736075 0.6049101287037038 0.5363365468750001 0.7274561101851852 0.6170086791666667 0.7297653138888889
2 0.6131219421874999 0.7721104157407407 0.6167612098958333 0.7316865268518519 0.5372172208333333 0.7313711953703704 0.42680733958333333 0.6064524768518518 0.42337635156250003 0.6481343925925925 0.533222940625 0.7750228074074074 0.6131219421874999 0.7721104157407407
2 0.610516446875 0.816759862037037 0.61450656875 0.7753160342592592 0.5349045427083333 0.7773237166666667 0.4253137151041667 0.6505771888888889 0.42279312656249995 0.6909395175925926 0.5300879505208334 0.8196068203703705 0.610516446875 0.816759862037037
2 0.6059363166666666 0.8594061537037037 0.60958719375 0.8183019222222222 0.5299635541666666 0.8227360185185185 0.4217904276041667 0.6917558990740741 0.4182114411458333 0.7319867666666666 0.5266984651041666 0.8656515259259259 0.6059363166666666 0.8594061537037037
2 0.49152790885416664 0.4217564138888889 0.49502292760416666 0.38254564999999996 0.40843834010416663 0.35626421296296296 0.3301783307291667 0.27268602129629627 0.32736448020833336 0.31174410185185186 0.40599386093749995 0.3989509537037037 0.49152790885416664 0.4217564138888889
3 0.49466792708333335 0.3803669287037037 0.41332665885416664 0.2985021935185185 0.33109109479166665 0.2729622277777778 0.4078349557291666 0.35547192962962965 0.49466792708333335 0.3803669287037037
2 0.40530046875000003 0.3992521435185185 0.33483754479166666 0.31999948240740744 0.3321810807291667 0.35389648611111113 0.4151384270833333 0.4437317175925926 0.4357452260416667 0.44831794999999997 0.4368547145833333 0.4315901037037037 0.4992717572916667 0.44134280555555555 0.5008905494791667 0.4233011694444444 0.41822438229166664 0.40299902314814817 0.40530046875000003 0.3992521435185185
2 0.4324822104166667 0.492832787962963 0.43556691197916664 0.4521021712962963 0.4161291557291667 0.44793431944444445 0.3261241067708333 0.35441667407407407 0.32318185833333335 0.3934035240740741 0.4121311 0.48838932592592593 0.4324822104166667 0.492832787962963
2 0.4303810625 0.5329730324074073 0.4323735671875 0.4941460833333333 0.40769744583333334 0.488669437962963 0.32185009895833333 0.39335057314814814 0.3191434927083333 0.4310992037037037 0.40388066979166665 0.5285400777777777 0.4303810625 0.5329730324074073
2 0.3138131598958333 0.4715009722222222 0.40015997708333334 0.5721170037037037 0.42948638437500003 0.5746949027777778 0.4300749640625 0.5642954083333334 0.4280457380208333 0.5613441027777778 0.4302574015625 0.5360998657407408 0.40266259374999996 0.5319730157407407 0.31653714791666665 0.43353459629629626 0.3138131598958333 0.4715009722222222
2 0.3091196385416667 0.5106578388888888 0.39528946770833334 0.6150551296296296 0.4256379567708333 0.6181991166666666 0.42582270312500003 0.6062075722222222 0.42709891666666666 0.6053173870370371 0.42916472760416663 0.5802205472222223 0.39819318072916665 0.5749053444444445 0.31211957916666666 0.4742125703703704 0.3091196385416667 0.5106578388888888
2 0.399363528125 0.6191436055555555 0.3968407526041667 0.615690186111111 0.39518148802083336 0.6163669435185185 0.3098545328125 0.5147194379629629 0.30747609479166665 0.5517368796296296 0.3967331041666667 0.6592157657407408 0.42410595 0.6611656 0.42478639270833335 0.6512746157407407 0.4228311291666667 0.6490492768518519 0.42502060104166667 0.6208256037037038 0.399363528125 0.6191436055555555
2 0.30193969895833334 0.5881439611111111 0.3907797859375 0.6974454333333334 0.420321271875 0.6974038361111111 0.4202408697916667 0.6918825314814815 0.4224835463541667 0.6906161824074074 0.42372438229166665 0.662552100925926 0.39441431822916667 0.6581577018518519 0.3043186541666667 0.5511268064814815 0.30193969895833334 0.5881439611111111
4 0.7721859265625 1 0.7817856729166667 0.9123855092592592 0.7016793010416666 0.826265262962963 0.6997544322916667 0.8496498490740741 0.5266770473958333 0.8670890055555556 0.4180119869791667 0.7319500648148148 0.42010360208333336 0.6984237138888888 0.3909451671875 0.6986787370370371 0.3019418453125 0.5897424064814815 0.30297729791666667 0.5722894777777777 0.300327159375 0.5687654027777778 0.26115528072916666 0.5632869453703704 0.25651207864583336 0.6493513666666667 0.5161333124999999 1 0.7721859265625 1
6 0.5240248557291667 0.347939525925926 0.5748858802083333 0.36414169444444444 0.5101319760416667 0.3053542398148148 0.45975270989583333 0.2904222388888889 0.5240248557291667 0.347939525925926
5 0.5727232609375 0.39397936851851856 0.5753421807291667 0.3657277277777778 0.5252680572916667 0.3494629592592593 0.45983332239583335 0.2906333407407407 0.4571880625 0.3192049787037037 0.5219438510416666 0.3791599925925926 0.5727232609375 0.39397936851851856
5 0.4572578859375 0.34210628425925926 0.4956316104166667 0.3805835712962963 0.4953569864583333 0.3851037481481482 0.525469728125 0.4123225842592592 0.573589521875 0.4238316935185185 0.5760341911458333 0.3953160814814815 0.5275536911458334 0.38344048425925925 0.45889826093749997 0.3209874851851852 0.4572578859375 0.34210628425925926
5 0.5707866572916667 0.4543180148148148 0.5734844515624999 0.42510814907407407 0.5255383906250001 0.413862725 0.49509128177083334 0.38595740370370374 0.49267287916666663 0.4141539018518518 0.5225617942708333 0.4440853601851852 0.5707866572916667 0.4543180148148148
5 0.49956752135416665 0.4420115722222222 0.5140617 0.44404512777777777 0.5227317473958333 0.4515244324074074 0.5542740020833333 0.4803709861111111 0.5685694010416668 0.4836290083333334 0.5708943932291667 0.45538346203703706 0.5236978973958333 0.4457194583333333 0.5014126635416667 0.42434415462962966 0.49956752135416665 0.4420115722222222