1 0.6173857046875 0.3708068 0.7077069963541667 0.36123089444444445 0.5936174182291667 0.2949488675925926 0.5022960140625 0.3009878814814815 0.6173857046875 0.3708068
0 0.4871161848958333 0.4266557888888889 0.5867533760416667 0.49746254351851854 0.5777441145833334 0.5634525120370371 0.5920925755208334 0.5732738277777777 0.6823745541666667 0.5518249805555556 0.7082254161458333 0.3616171361111111 0.617546228125 0.3718588925925926 0.5021312609375 0.3011975833333333 0.4871161848958333 0.4266557888888889
0 0.6561110119791667 0.7346169916666666 0.6814216520833334 0.5527602953703704 0.5920593401041666 0.5747828518518519 0.5782054380208332 0.5643343999999999 0.5554826286458333 0.7591484759259259 0.56611014375 0.7695058583333333 0.6561110119791667 0.7346169916666666
6 0.4362198838541667 0.35906034444444446 0.4798952739583333 0.38793271481481484 0.4916600453125 0.3859766361111111 0.49500567760416664 0.3520468388888889 0.4362198838541667 0.35906034444444446
6 0.38640672447916663 0.32605536574074073 0.42544220624999995 0.3524475296296296 0.49611616302083333 0.3472933935185185 0.49665197812499995 0.3426420231481481 0.4607160697916666 0.32109874166666663 0.38640672447916663 0.32605536574074073
6 0.3399337005208333 0.36177781296296296 0.42144419791666665 0.3541728138888889 0.3817863411458333 0.32585125 0.3004686697916667 0.3330028481481482 0.3399337005208333 0.36177781296296296
6 0.4260334828125 0.3550445787037037 0.3441965041666667 0.3626450314814815 0.3860550088541667 0.3950754287037037 0.46907634010416666 0.38534413333333334 0.4260334828125 0.3550445787037037
5 0.46557913749999996 0.41570309907407405 0.46896805 0.38506368611111114 0.386191478125 0.3951112601851852 0.34356547604166665 0.363236337962963 0.34036537187500004 0.3946823101851852 0.3822516494791667 0.42686704166666667 0.46557913749999996 0.41570309907407405
5 0.3398754479166667 0.3940487037037037 0.3429909109375 0.3633374962962963 0.340556075 0.36370721296296293 0.3005491875 0.333528962037037 0.29781948177083334 0.3633324509259259 0.3373599890625 0.39389322407407407 0.3398754479166667 0.3940487037037037
5 0.33642533281250003 0.426439925 0.3396649526041667 0.39626911944444443 0.33719060104166665 0.39536366944444445 0.29792303124999997 0.3648745583333333 0.294835746875 0.3953411509259259 0.33420707708333336 0.42737053611111114 0.33642533281250003 0.426439925
5 0.33338534635416667 0.4589369398148148 0.3361458041666667 0.42763226851851854 0.3349140932291667 0.4285651703703704 0.29543396145833334 0.39625520462962965 0.29237485572916666 0.42647718055555556 0.33160971666666667 0.45847073518518516 0.33338534635416667 0.4589369398148148
5 0.329554003125 0.4909760518518519 0.33315171302083335 0.4601422777777778 0.3307855463541667 0.45951819074074074 0.29201655416666666 0.42714198148148147 0.28903745416666665 0.45788993703703706 0.32709551770833334 0.49033055740740744 0.329554003125 0.4909760518518519
5 0.32585933958333335 0.5230491620370371 0.329428765625 0.49246092037037037 0.32771738125 0.4922598231481482 0.28881645 0.4585879537037037 0.2855926963541667 0.48901871574074074 0.324710103125 0.5232523944444444 0.32585933958333335 0.5230491620370371
5 0.32323379999999996 0.5543939777777778 0.32589083124999996 0.5239871472222222 0.32309459218750003 0.5238372314814814 0.28496166875 0.4896100222222222 0.28220367916666667 0.5196590444444444 0.32079896510416667 0.5547636944444444 0.32323379999999996 0.5543939777777778
5 0.32033481249999995 0.5856669962962963 0.3229496369791667 0.5568470648148148 0.32008340104166666 0.5560888481481482 0.2818133921875 0.5218265907407408 0.27837667083333334 0.5504354453703704 0.31664255572916666 0.5859585814814815 0.32033481249999995 0.5856669962962963
5 0.3177657359375 0.6165216620370371 0.3204541234375 0.587469975925926 0.31696330260416666 0.5880608018518519 0.27834447343749996 0.5519400231481482 0.27515291718749996 0.5808662064814815 0.3132209354166667 0.6181024379629629 0.3177657359375 0.6165216620370371
5 0.39612758229166667 0.431017137962963 0.4656937703125 0.4220401685185185 0.46592795833333334 0.41756161851851853 0.3827086546875 0.429006925 0.34041256458333335 0.39671365 0.33682619114583334 0.4290672074074074 0.3791747260416667 0.46213029537037037 0.3933178708333333 0.46029464814814813 0.39612758229166667 0.431017137962963
5 0.38841740312499995 0.49306205462962965 0.39292675624999995 0.46246480925925926 0.3774460786458333 0.46369726111111115 0.33696234375 0.42910578703703706 0.33356941354166664 0.4610051611111111 0.3741896171875 0.49563246666666666 0.38841740312499995 0.49306205462962965
5 0.38520813437499996 0.5270286 0.38865350885416666 0.4958990388888889 0.37573960624999997 0.4980574333333333 0.3332354838541667 0.462683475 0.3299785109375 0.4946185462962963 0.37169148802083335 0.5295327675925926 0.38520813437499996 0.5270286
5 0.38202704427083334 0.5607505287037038 0.3855287755208333 0.5291317351851852 0.37012821041666666 0.530889250925926 0.3295361848958333 0.4960173287037037 0.3262036302083333 0.5261675092592593 0.3672528713541666 0.5631774814814815 0.38202704427083334 0.5607505287037038
5 0.37876594739583336 0.5939464768518518 0.3816931140625 0.5624288416666666 0.3683134479166667 0.564968975 0.3264161927083334 0.5279883648148148 0.3229426390625 0.5593625416666667 0.3648116104166667 0.5965886851851852 0.37876594739583336 0.5939464768518518
5 0.37599930520833336 0.6265162046296296 0.37887000885416666 0.5954887185185186 0.3646422223958333 0.5980591296296296 0.32370590677083333 0.5600688601851852 0.3203970010416667 0.5912342527777779 0.36157858750000005 0.6295409333333334 0.37599930520833336 0.6265162046296296
5 0.373043959375 0.6582784555555555 0.3759822526041667 0.6282824361111111 0.3615458791666667 0.6310453768518518 0.32083056770833335 0.5923570907407408 0.316904328125 0.6203333898148148 0.3579923192708333 0.661893574074074 0.373043959375 0.6582784555555555
3 0.5030692760416666 0.5151871731481482 0.5851120067708333 0.49929122499999995 0.4766341 0.42062650185185185 0.3968060921875 0.43272436296296296 0.5030692760416666 0.5151871731481482
2 0.5802510203125001 0.54341815 0.5859302401041667 0.4999043731481481 0.5044009755208333 0.5171300824074074 0.3961145833333333 0.43294017314814814 0.3914316385416667 0.47552152777777784 0.49875930052083334 0.5622469768518518 0.5802510203125001 0.54341815
2 0.5746539875 0.5881475074074074 0.5798127489583333 0.5452937101851851 0.5002616442708333 0.5646330055555555 0.390986375 0.47938682870370375 0.3864371463541667 0.5208074018518518 0.4941445588541667 0.6100233925925925 0.5746539875 0.5881475074074074
2 0.5685739359375 0.6351408787037036 0.57399991875 0.5899673518518519 0.4937062875 0.6118989527777777 0.3864746911458333 0.5224105194444444 0.381576159375 0.5649343268518519 0.48892738177083334 0.657242375 0.5685739359375 0.6351408787037036
2 0.5637574854166666 0.6788811814814815 0.5691764760416667 0.6356973953703704 0.4887046973958334 0.6591754833333334 0.38299693229166665 0.5661039916666666 0.3779272453125 0.6081845444444444 0.48371009947916666 0.704462274074074 0.5637574854166666 0.6788811814814815
2 0.5586877984375 0.7209617351851852 0.5641443333333334 0.6793810675925925 0.4838738572916667 0.7068942166666666 0.3784407119791667 0.6095143055555555 0.3736757911458334 0.6508782462962962 0.4784999151041667 0.7496915157407408 0.5586877984375 0.7209617351851852
2 0.5540425036458333 0.7651452916666667 0.5592388098958333 0.7238946138888889 0.47840333802083335 0.7524543648148148 0.3742713390625 0.6534245037037036 0.36959549166666666 0.6940152018518518 0.4740628098958333 0.7959213092592593 0.5540425036458333 0.7651452916666667
4 0.27654264687499996 0.5588414342592593 0.2177380234375 0.5703107490740741 0.20889842447916665 0.6592974703703703 0.49223493333333335 0.9728638231481482 0.7153204515625 0.8587896842592592 0.7287880791666667 0.7652689453703704 0.6598404182291666 0.7107675472222222 0.6561615359374999 0.7360205861111111 0.5659100713541666 0.7709729675925926 0.5562500520833333 0.7601569824074075 0.5549070192708334 0.7662434731481481 0.4731329302083333 0.7976715703703703 0.36870921875 0.6938967120370371 0.3727209166666666 0.6590714416666666 0.3563992296875 0.663755698148148 0.3157263088541667 0.6194974092592592 0.31188329427083333 0.6205583138888889 0.2731981078125 0.5811920611111111 0.27654264687499996 0.5588414342592593