2 0.6199842703125 0.37732964166666666 0.5063490171875 0.37573149907407405 0.5122308854166666 0.4184133481481481 0.625716946875 0.4164132564814815 0.6199842703125 0.37732964166666666
2 0.6198950281250001 0.3754929212962963 0.6138917213541667 0.33546585277777774 0.5013583630208334 0.33138905185185186 0.5070930192708334 0.3747726203703704 0.6198950281250001 0.3754929212962963
2 0.6138393166666667 0.3342025546296296 0.608175396875 0.29486829444444446 0.4955122770833333 0.28720082037037037 0.5014475755208333 0.33027038611111115 0.6138393166666667 0.3342025546296296
2 0.6088317098958334 0.2943287953703703 0.6026313848958333 0.2537550851851852 0.4898330203125 0.24421926203703703 0.49574061875000003 0.2870878231481481 0.6088317098958334 0.2943287953703703
2 0.6027174796875 0.253496812962963 0.5970813833333334 0.21436445 0.4842399817708333 0.200980325 0.4896635796875 0.2438727333333333 0.6027174796875 0.253496812962963
2 0.44311277604166666 0.4904936981481482 0.5120575682291667 0.41875295462962964 0.5057211093749999 0.3763122888888889 0.4382502880208333 0.4499030324074074 0.44311277604166666 0.4904936981481482
2 0.5066433380208334 0.37327554166666665 0.5013583630208334 0.33138905185185186 0.43257402604166667 0.40606018703703706 0.438401396875 0.4474635509259259 0.5066433380208334 0.37327554166666665
2 0.5011053161458333 0.3304397574074074 0.4954844536458333 0.2869989231481482 0.4275971145833333 0.3655261444444444 0.43294698072916665 0.4052305324074074 0.5011053161458333 0.3304397574074074
2 0.49537353125 0.2861940092592593 0.4895491557291667 0.24392935740740743 0.42307988124999996 0.3239048203703704 0.42820140520833333 0.3637222055555555 0.49537353125 0.2861940092592593
2 0.48915786874999995 0.24197300092592594 0.484042334375 0.20043304074074073 0.41739412864583336 0.2826460861111111 0.4231689708333333 0.3227852601851852 0.48915786874999995 0.24197300092592594
2 0.43829745052083335 0.49180211203703705 0.4328370447916667 0.4512916675925926 0.37028923697916666 0.5172873574074074 0.37501010677083335 0.5577333916666667 0.43829745052083335 0.49180211203703705
2 0.432932753125 0.4484501759259259 0.42795571875 0.40791524166666665 0.3654232473958333 0.4775582287037037 0.37046154895833333 0.5167717055555555 0.432932753125 0.4484501759259259
2 0.42798991458333335 0.4063934212962963 0.42277879375 0.3676958462962963 0.3613250010416667 0.43809426574074073 0.366366803125 0.47644620462962967 0.42798991458333335 0.4063934212962963
2 0.42272327083333333 0.3672929425925926 0.4176879645833333 0.3272181787037037 0.35722375885416663 0.3994915888888889 0.36184007916666666 0.43740899166666664 0.42272327083333333 0.3672929425925926
2 0.41848927343750003 0.32596088055555555 0.4135930958333333 0.28689178425925926 0.35348948177083334 0.3617818333333333 0.35785575052083335 0.39788865462962963 0.41848927343750003 0.32596088055555555
3 0.625388090625 0.41703309537037037 0.5123880598958334 0.41949501666666666 0.4435696848958333 0.49072850648148153 0.5564237057291667 0.4842087222222222 0.625388090625 0.41703309537037037
3 0.5500746885416666 0.4871072814814815 0.43815530104166667 0.49340789074074076 0.3751838838541667 0.5581035398148148 0.48666816041666666 0.5476447925925926 0.5500746885416666 0.4871072814814815
4 0.4880911890625 0 0.23098337500000002 0.35392666944444445 0.24310776927083333 0.4395527675925926 0.36109821770833334 0.43613857037037035 0.3530381989583333 0.3588092768518519 0.48411696041666663 0.19601788055555555 0.5997583661458333 0.21323724351851853 0.6069653817708333 0.274953912037037 0.7482259984374999 0.12716755092592594 0.7334739505208333 0.034251366666666665 0.6113941270833333 0 0.4880911890625 0