0 0.25932187500000003 0.3103259259259259 0.26446458333333334 0.5074111111111111 0.349803125 0.5582064814814816 0.4004729166666667 0.530437962962963 0.4006630208333333 0.4159787037037037 0.47514375 0.38719444444444445 0.4745723958333333 0.3035509259259259 0.34542187500000004 0.34452592592592596
0 0.26427447916666663 0.5074185185185185 0.2694171875 0.696037037037037 0.3536125 0.7542824074074074 0.3985677083333333 0.7302388888888889 0.39704375 0.6462574074074073 0.3968536458333333 0.5551638888888889 0.4000916666666667 0.5531314814814814 0.4002822916666667 0.5321361111111111 0.35018385416666664 0.5592268518518518
1 0.25906822916666666 0.30919722222222223 0.38637656249999996 0.27340925925925924 0.4741916666666667 0.30253240740740744 0.3459932291666667 0.34350740740740743
3 0.40434739583333335 0.41598425925925925 0.482828125 0.44916481481481485 0.5965489583333333 0.40141666666666664 0.5190208333333334 0.3722935185185185
2 0.40409375000000003 0.41688703703703706 0.40377552083333335 0.4606824074074074 0.48187552083333335 0.49759351851851846 0.5978828125 0.44510462962962966 0.5978828125 0.40175925925925926 0.4813041666666667 0.4515388888888889
2 0.40206197916666664 0.4640722222222222 0.40168020833333334 0.5074138888888888 0.47939947916666664 0.5463574074074075 0.5957875 0.49115925925925924 0.5959776041666667 0.44713703703703706 0.47768489583333335 0.4999638888888889
2 0.4006645833333333 0.5101277777777777 0.4009182291666667 0.5548231481481481 0.47730364583333335 0.5930888888888889 0.5933109375 0.5355212962962963 0.5938822916666666 0.49251388888888886 0.47730364583333335 0.5487277777777777
2 0.39787083333333334 0.556861111111111 0.3986322916666667 0.6022324074074074 0.4755895833333333 0.6432074074074074 0.5900723958333334 0.581237037037037 0.590834375 0.5375527777777778 0.473875 0.5985074074074075
2 0.3986322916666667 0.6049416666666667 0.39958489583333334 0.6465935185185185 0.4753989583333333 0.6926481481481481 0.591025 0.6269527777777778 0.5915963541666667 0.5836074074074075 0.4753989583333333 0.6462555555555556
2 0.39710885416666664 0.6471666666666667 0.39768020833333334 0.6919759259259258 0.47425625 0.7393851851851851 0.5887390625 0.6699648148148148 0.5893104166666667 0.6286509259259259 0.47349427083333334 0.6940083333333333
2 0.3991411458333333 0.6925453703703703 0.39939427083333334 0.7376925925925926 0.4755895833333333 0.7878101851851852 0.5900723958333334 0.7146648148148148 0.5900723958333334 0.6726740740740741 0.47501822916666664 0.7410787037037038
0 0.5134963541666667 0.2859388888888889 0.51330625 0.37432407407407403 0.5186395833333334 0.3705990740740741 0.5980729166666666 0.400737037037037 0.5978828125 0.5121490740740741 0.6114072916666667 0.5128259259259259 0.7108416666666667 0.4667712962962963 0.7148421875000001 0.2798435185185185 0.6121692708333334 0.3164166666666667
0 0.5953447916666667 0.5141916666666667 0.590834375 0.6970518518518519 0.6093119791666666 0.7075490740740741 0.7072223958333334 0.6438861111111112 0.7104609375000001 0.46610092592592595 0.6098833333333334 0.5148648148148148
1 0.5144489583333333 0.28458518518518516 0.6159791666666667 0.25275277777777777 0.7138895833333333 0.27950555555555556 0.6115979166666666 0.31607777777777774
3 0.4757177083333334 0.38234537037037036 0.47578020833333334 0.3882074074074074 0.5123536458333333 0.3736462962962963 0.512925 0.3685666666666667 0.508925 0.3675509259259259
4 0.26764947916666665 0.6735648148148149 0.2689859375 0.6968564814814815 0.35321145833333334 0.756275 0.3970619791666667 0.7306064814814814 0.39813177083333334 0.7386870370370371 0.4764744791666667 0.7905 0.5919833333333333 0.7149194444444446 0.59118125 0.7001842592592592 0.6085614583333334 0.7106416666666667 0.7096317708333333 0.6436175925925925 0.7096317708333333 0.6093935185185185 0.7552947916666667 0.6293574074074074 0.7526213541666666 0.7263277777777778 0.4368432291666667 0.9570796296296296 0.22668125 0.7930851851851852 0.22587864583333334 0.6908861111111112