4 0.7469497651041667 0.7715162407407407 0.7593415098958334 0.6734541333333334 0.6823492786458334 0.6158883101851852 0.6757101083333333 0.6699570648148148 0.5624155927083333 0.721357625 0.4678823703125 0.6359002064814815 0.4703408364583333 0.6069782759259259 0.4495057796875 0.6155373546296297 0.3846083234375 0.557111950925926 0.3860679067708333 0.5438535194444445 0.37657975677083333 0.5469802388888889 0.3171776390625 0.4915876407407408 0.31733240104166666 0.48143163611111106 0.24505073489583334 0.4985923564814815 0.237442846875 0.5873063342592593 0.5244465395833333 0.8921164981481482 0.7469497651041667 0.7715162407407407
0 0.5848257572916666 0.5147715305555556 0.4872671838541667 0.44238971666666665 0.46817095885416665 0.6356536685185185 0.5616940546875 0.720792611111111 0.6756343510416667 0.6695564462962963 0.6987735609375 0.4795438675925926 0.5848257572916666 0.5147715305555556
1 0.48792022291666665 0.4420944972222222 0.5849162182291666 0.5149235666666666 0.6976938348958334 0.4789657268518519 0.6009375593749999 0.41383699907407406 0.48792022291666665 0.4420944972222222
2 0.4654335078125 0.44446441296296296 0.40031134062499996 0.3945214324074074 0.39634000416666665 0.43543275000000004 0.4605985671875 0.48705618055555555 0.4827277052083333 0.48414980185185186 0.4873812880208333 0.4404823388888889 0.4654335078125 0.44446441296296296
2 0.4612914036458333 0.48876837037037035 0.3962472885416667 0.43634790462962963 0.39216796718749997 0.4766128555555556 0.45702665000000003 0.5308636305555555 0.4787557640625 0.5250619287037037 0.48277321197916667 0.4854076953703704 0.4612914036458333 0.48876837037037035
2 0.456764775 0.5317414046296296 0.3927529119791667 0.4776777564814815 0.3887208005208333 0.5157696601851852 0.4522534880208333 0.572845600925926 0.474784428125 0.5659732453703704 0.4787795411458333 0.526529125 0.456764775 0.5317414046296296
2 0.45379416979166665 0.5747451444444444 0.3892130291666666 0.5177497157407408 0.385596284375 0.5568681046296297 0.44974578541666665 0.6147047370370371 0.4705663713541667 0.6058953453703704 0.47486440468749996 0.5674547462962963 0.45379416979166665 0.5747451444444444
5 0.3908824458333333 0.38838310555555555 0.3281937984375 0.34178480185185184 0.32507248072916667 0.37259377222222223 0.38845396562499995 0.42090426574074075 0.3975929213541667 0.4179342935185185 0.4006093229166667 0.387002162037037 0.3908824458333333 0.38838310555555555
5 0.3883465859375 0.42025709074074075 0.32556522239583335 0.37457394074074074 0.3226142552083333 0.40198923703703704 0.38503993072916665 0.45289544722222225 0.39460991979166665 0.44908508055555557 0.3974461890625 0.4193619240740741 0.3883465859375 0.42025709074074075
5 0.3856266765625 0.4530166148148148 0.32396409531250003 0.40289116018518517 0.32176817083333337 0.4315494787037037 0.3828360067708333 0.48366568240740737 0.39174248385416666 0.48110744351851853 0.3944627911458333 0.44959584444444445 0.3856266765625 0.4530166148148148
5 0.38268873802083336 0.4843433611111111 0.32164903489583335 0.4319494740740741 0.31921521249999996 0.4614040925925926 0.3801495510416667 0.515613912962963 0.388720521875 0.5132635481481481 0.39184406666666666 0.48165147407407405 0.38268873802083336 0.4843433611111111
5 0.38068778385416663 0.51573285 0.319515546875 0.4623193287037037 0.3172146932291667 0.49123741851851854 0.37784826302083335 0.5460881666666667 0.38655899479166667 0.5439101629629629 0.38905286875 0.5138576287037037 0.38068778385416663 0.51573285
6 0.43257750677083334 0.32531079444444444 0.38532013020833333 0.3339666509259259 0.44723583906250003 0.3784898564814815 0.4955815390625 0.3686615972222222 0.43257750677083334 0.32531079444444444
3 0.46498883906250005 0.4442341064814815 0.5765197635416667 0.41716762129629625 0.5115481401041666 0.37250486203703703 0.40158777031250004 0.39462711666666667 0.46498883906250005 0.4442341064814815
6 0.38043828125 0.3327464 0.32846934375000003 0.34135146111111114 0.39145385677083333 0.38851597592592596 0.4423721125 0.37812530925925925 0.38043828125 0.3327464