1 0.2931328125 0.3006564814814815 0.38137760416666666 0.33331388888888885 0.5031666666666667 0.2944657407407408 0.41352968749999997 0.26502037037037035
0 0.2925760416666667 0.30090185185185186 0.29647291666666664 0.4941509259259259 0.3833260416666667 0.5384453703703703 0.3986369791666667 0.5325064814814815 0.3972447916666667 0.46545092592592596 0.5038625 0.42165370370370375 0.5033057291666666 0.2947138888888889 0.38109895833333335 0.3343046296296296
0 0.29730885416666664 0.49531388888888883 0.3016229166666667 0.6802314814814815 0.38666666666666666 0.7376379629629629 0.3983583333333333 0.7302148148148148 0.3980802083333333 0.5332527777777778 0.3831869791666667 0.5399342592592593
6 0.5154166666666666 0.38552685185185187 0.5619052083333334 0.36845277777777774 0.5045598958333334 0.3464314814814815 0.504003125 0.3805777777777778
6 0.5420015625 0.3249037037037037 0.504003125 0.33678148148148146 0.504003125 0.3414824074074074 0.57331875 0.3647416666666667 0.6149354166666666 0.3489055555555555
6 0.5770765625000001 0.36746388888888887 0.65683125 0.3959185185185185 0.6991442708333333 0.37785555555555556 0.6195286458333332 0.3498953703703704
6 0.5724380208333333 0.36713703703703704 0.6525161458333333 0.39567129629629627 0.6074192708333332 0.41670370370370374 0.5264125 0.3857740740740741
5 0.5265515625 0.38552685185185187 0.5264125 0.4164564814814815 0.6075588541666667 0.44887037037037036 0.6526552083333333 0.4280861111111111 0.6530729166666667 0.3964138888888889 0.6072802083333334 0.41670370370370374
5 0.6536296875000001 0.39666111111111113 0.6532119791666666 0.4275907407407407 0.6557177083333333 0.4280861111111111 0.6983088541666667 0.40829074074074073 0.6990046875 0.37835092592592595 0.6559958333333333 0.39765092592592594
5 0.6531671874999999 0.42982314814814815 0.6529338541666667 0.4602546296296296 0.655021875 0.46173888888888887 0.6976130208333333 0.4404592592592593 0.6980307291666666 0.40977685185185186 0.6557177083333333 0.4295722222222222
5 0.6530744791666667 0.4614962962962963 0.6522380208333334 0.49291666666666667 0.6540473958333333 0.49291666666666667 0.6964994791666667 0.471637037037037 0.6969171875 0.44120185185185185 0.6541864583333333 0.4627287037037037
5 0.6523317708333334 0.49415925925925924 0.6523770833333333 0.5253333333333333 0.6548822916666667 0.5253333333333333 0.6962213541666666 0.5033120370370371 0.696778125 0.4723814814814815 0.6547432291666666 0.49415648148148145
5 0.6523317708333334 0.5268222222222222 0.6523770833333333 0.5577481481481482 0.653490625 0.5582435185185185 0.6960817708333333 0.5347361111111111 0.6963604166666666 0.5040537037037037 0.6540473958333333 0.5270657407407408
5 0.6522390625 0.5586601851851851 0.6514026041666666 0.5891731481481481 0.65376875 0.5901629629629629 0.6959427083333334 0.5656666666666667 0.6966385416666667 0.5354787037037038 0.655021875 0.5592333333333334
5 0.6514041666666667 0.5916527777777778 0.6507067708333333 0.6205981481481482 0.6543255208333334 0.6218351851851852 0.6962213541666666 0.5968435185185186 0.6960817708333333 0.5678935185185185 0.6543255208333334 0.5916472222222222
5 0.6503833333333334 0.6223361111111112 0.6497322916666667 0.6515277777777777 0.6540473958333333 0.6542490740740742 0.6959427083333334 0.6275259259259259 0.6960817708333333 0.5983277777777778 0.65376875 0.6238148148148148
5 0.6523770833333333 0.43006666666666665 0.6522380208333334 0.4627287037037037 0.6065843750000001 0.48425555555555555 0.5928046874999999 0.478812037037037 0.5933614583333333 0.4493675925925926 0.5255770833333333 0.4226435185185185 0.5258557291666667 0.4181898148148148 0.6068630208333333 0.4508518518518519
5 0.5929442708333333 0.48104166666666665 0.5939182291666667 0.5122185185185185 0.6076979166666666 0.5184046296296296 0.6518203124999999 0.49489814814814814 0.6520989583333333 0.46273148148148147 0.608115625 0.4862379629629629
5 0.5933614583333333 0.5149407407407407 0.5932223958333334 0.5463657407407407 0.6063062499999999 0.5523037037037037 0.6515421875 0.5287972222222223 0.651959375 0.4966305555555555 0.6058885416666667 0.5203842592592592
5 0.592665625 0.5483462962962964 0.5925265625 0.5802657407407408 0.6068630208333333 0.5864518518518519 0.65168125 0.5607185185185185 0.6518203124999999 0.5302833333333333 0.6076979166666666 0.554037037037037
5 0.592665625 0.5819981481481481 0.5919697916666667 0.6136703703703704 0.6054708333333333 0.6198564814814815 0.6511244791666667 0.5941222222222222 0.6512635416666667 0.56245 0.6056098958333334 0.5879361111111111
5 0.5916911458333334 0.6151564814814815 0.5909953125 0.6463333333333333 0.6049140625 0.6530148148148148 0.6500109374999999 0.6260435185185185 0.6502890625000001 0.5946185185185185 0.6054708333333333 0.6213425925925925
5 0.5908109375 0.6480703703703704 0.5902994791666667 0.6782527777777778 0.604775 0.6856759259259259 0.65015 0.6554888888888889 0.6494541666666667 0.6270333333333333 0.604775 0.6544990740740741
3 0.39865989583333333 0.4676675925925926 0.4779963541666667 0.5043925925925926 0.5924958333333333 0.4508675925925926 0.5149171874999999 0.41843888888888886
2 0.3977807291666667 0.4680583333333333 0.39844010416666664 0.5122074074074073 0.47689739583333335 0.5516675925925927 0.5929354166666666 0.49423518518518517 0.5931552083333334 0.4512574074074074 0.47645781249999997 0.5059555555555556
2 0.39865989583333333 0.5141601851851851 0.3988796875 0.5575277777777777 0.4760182291666667 0.599724074074074 0.592715625 0.5399462962962963 0.5929354166666666 0.4981416666666667 0.47513958333333334 0.5536212962962962
2 0.39931927083333335 0.5594814814814815 0.3995390625 0.6051935185185185 0.4757984375 0.6473888888888888 0.5924958333333333 0.5844861111111112 0.5924958333333333 0.5415092592592593 0.47623802083333333 0.6016768518518519
2 0.3988796875 0.6055842592592592 0.39931927083333335 0.6493425925925925 0.4755786458333333 0.6950546296296296 0.5911770833333333 0.6278537037037037 0.5909572916666667 0.5852675925925926 0.4757984375 0.6493425925925925
2 0.3988796875 0.6497333333333333 0.3995390625 0.6919287037037037 0.4755786458333333 0.7407657407407408 0.5905177083333334 0.6708305555555555 0.5905177083333334 0.6290259259259259 0.47513958333333334 0.6973981481481482
2 0.39865989583333333 0.6946638888888889 0.39909947916666666 0.7364685185185185 0.4747 0.7872592592592592 0.5896385416666666 0.7141981481481481 0.5896385416666666 0.673175 0.47535937500000003 0.7435009259259259
4 0.30065156249999997 0.655875 0.3014130208333333 0.6815953703703704 0.3866973958333333 0.7391287037037038 0.397484375 0.7310064814814814 0.3981192708333333 0.7373231481481481 0.4754203125 0.7892157407407407 0.5905286458333333 0.7143101851851852 0.5905286458333333 0.6791138888888889 0.6061385416666667 0.687912962962963 0.6514104166666667 0.6549722222222222 0.6550906249999999 0.6570027777777777 0.6978390625 0.628349074074074 0.6970776041666666 0.605562037037037 0.7539338541666667 0.6319592592592592 0.7525380208333333 0.7215305555555556 0.436565625 0.9561564814814814 0.22891145833333332 0.7867925925925926 0.22624635416666666 0.6915814814814815