3 0.3246828125 0.4521601851851852 0.42615833333333336 0.5021787037037037 0.5029901041666667 0.4669111111111111 0.40089583333333334 0.42162037037037037
3 0.40478020833333334 0.42106481481481484 0.5072229166666667 0.4650453703703704 0.5747276041666667 0.43444259259259255 0.473625 0.3939435185185185
3 0.4818697916666667 0.3910111111111111 0.5830755208333334 0.42949444444444446 0.6452453125000001 0.4031064814814815 0.5438328125 0.36553981481481485
3 0.5454817708333334 0.4538361111111111 0.6230869791666667 0.4864546296296296 0.5106473958333333 0.5412472222222222 0.43272499999999997 0.5040472222222222
3 0.5505239583333333 0.451637037037037 0.6295390624999999 0.48535555555555554 0.7237989583333333 0.43825925925925924 0.6464005208333333 0.40943240740740744
2 0.6247572916666667 0.4862731481481481 0.6237270833333334 0.5265888888888889 0.6278494791666667 0.5286046296296296 0.7228515625 0.47784351851851853 0.7240880208333333 0.43899351851851853 0.6282416666666666 0.4870055555555556
2 0.6231682291666666 0.5295592592592593 0.6226760416666667 0.5691712962962964 0.6270046874999999 0.5708203703703704 0.7208932291666666 0.5187768518518519 0.7218208333333334 0.4802935185185185 0.6274171875000001 0.5297722222222222
2 0.6223958333333334 0.571049074074074 0.6216458333333333 0.6118379629629629 0.6263864583333334 0.6138537037037037 0.720171875 0.5575953703703703 0.7202750000000001 0.5199601851851852 0.6260770833333333 0.5725537037037036
2 0.6215427083333334 0.6152203703703704 0.6205119791666667 0.6540703703703703 0.6257682291666666 0.6566361111111111 0.7190380208333333 0.5974453703703704 0.7198630208333333 0.5580453703703704 0.6259739583333332 0.6148537037037037
2 0.6208213541666667 0.6573685185185185 0.6196875 0.6962185185185186 0.6252526041666666 0.6987833333333333 0.7185229166666667 0.6384935185185185 0.7189354166666667 0.5994611111111111 0.6259739583333332 0.6573685185185185
2 0.6229854166666667 0.4881888888888889 0.6218515625 0.530337037037037 0.5110812499999999 0.5878787037037037 0.4319864583333333 0.5466472222222223 0.43250208333333334 0.5035824074074075 0.511034375 0.5426157407407407
2 0.6218812499999999 0.5337879629629629 0.6211598958333333 0.5744703703703704 0.5091322916666666 0.6349435185185186 0.43222916666666666 0.5927953703703704 0.43191979166666666 0.5480814814814815 0.5099369791666667 0.5894972222222222
2 0.4318765625 0.5944037037037038 0.4321890625 0.6364092592592593 0.5095880208333333 0.6820398148148148 0.6211 0.6175342592592593 0.6207906249999999 0.5753861111111112 0.5092786458333334 0.6369592592592593
2 0.4322921875 0.6383944444444445 0.4326010416666667 0.6801759259259259 0.5095880208333333 0.7267222222222223 0.6196567708333334 0.6594685185185185 0.6206875000000001 0.6182361111111112 0.5090723958333333 0.6836574074074074
2 0.43249479166666666 0.6812287037037037 0.4322921875 0.7241564814814815 0.5094848958333333 0.7736351851851851 0.6197598958333334 0.7019833333333334 0.6199661458333333 0.6598351851851851 0.5088666666666667 0.728737962962963
2 0.3239697916666667 0.4531324074074074 0.3255208333333333 0.4922092592592593 0.4255734375 0.5426796296296297 0.424803125 0.5011157407407408
2 0.3234369791666667 0.49526944444444443 0.3242854166666667 0.533124074074074 0.42548854166666666 0.5890833333333334 0.4259510416666667 0.5438222222222222
2 0.3235911458333333 0.5344953703703703 0.32413125 0.5757796296296296 0.4247171875 0.6335222222222222 0.42425416666666665 0.5892212962962964
2 0.32273749999999995 0.5758805555555556 0.3248255208333333 0.6157314814814815 0.4237140625 0.6769027777777777 0.42355989583333337 0.633562037037037
2 0.3234369791666667 0.6169657407407407 0.32451718749999997 0.6560555555555555 0.4231744791666667 0.7199129629629629 0.4232515625 0.6767083333333334
4 0.32389427083333333 0.6447268518518519 0.3243625 0.6575064814814815 0.422634375 0.7215583333333333 0.431428125 0.7156611111111111 0.4317364583333333 0.7262212962962963 0.5102755208333334 0.7755564814814815 0.6207692708333333 0.701037037037037 0.6198666666666667 0.6971444444444445 0.6260958333333334 0.69975 0.7193078125 0.6377462962962963 0.7191729166666666 0.616111111111111 0.7547276041666666 0.6331787037037037 0.7529703125 0.7206777777777778 0.4367354166666667 0.9566768518518519 0.22832395833333333 0.7865666666666666 0.22629635416666666 0.6918555555555556