1 0.43301510416666666 0.3072537037037037 0.5534322916666666 0.3483324074074074 0.6481135416666667 0.3146009259259259 0.5278838541666667 0.2765287037037037
1 0.5384036458333333 0.274525 0.6588213541666667 0.30959166666666665 0.7392249999999999 0.2812037037037037 0.6189953125 0.2471388888888889
0 0.43301510416666666 0.307587962962963 0.4341421875 0.5029611111111111 0.5526812499999999 0.5580666666666667 0.646046875 0.5109768518518518 0.6486770833333334 0.315937037037037 0.5532447916666666 0.34933425925925926
0 0.43301510416666666 0.5042972222222222 0.43339062500000003 0.5570648148148148 0.5038380208333334 0.5948037037037037 0.5055286458333333 0.7354055555555556 0.5509906250000001 0.7634592592592592 0.6426656249999999 0.7023416666666666 0.6449197916666667 0.5126462962962963 0.5517416666666667 0.5610722222222222
0 0.6466104166666666 0.5073027777777778 0.6428536458333334 0.6926564814814814 0.6516828125 0.695662962962963 0.7307713541666666 0.643562962962963 0.7350921874999999 0.46588981481481484 0.6552520833333334 0.5079703703703703
0 0.6490526041666667 0.30825555555555556 0.6467984375 0.5063009259259259 0.6550640624999999 0.5076370370370371 0.7347166666666667 0.46622407407407407 0.7392249999999999 0.2808703703703703 0.6576942708333333 0.31025925925925923
6 0.36294375 0.578438888888889 0.44506822916666666 0.625936111111111 0.5027406249999999 0.5952111111111111 0.4202708333333333 0.550125
5 0.3625979166666667 0.5775101851851852 0.3631614583333333 0.6132453703703703 0.44619531250000005 0.6626731481481482 0.5038677083333334 0.6309453703703705 0.5031161458333333 0.5958787037037037 0.44525572916666667 0.6266037037037037
5 0.36410052083333333 0.6148416666666666 0.36428854166666663 0.647237037037037 0.4469463541666666 0.6996703703703704 0.50443125 0.6679425925925926 0.50424375 0.631874074074074 0.44581927083333334 0.664937037037037
5 0.3648520833333333 0.6492407407407407 0.3646645833333333 0.6843074074074075 0.44750989583333334 0.7367407407407407 0.50424375 0.7046796296296296 0.5040557291666666 0.6689453703703704 0.44675885416666666 0.7013398148148148
5 0.36541562499999997 0.6866453703703703 0.36504010416666666 0.7183731481481481 0.44675885416666666 0.7731444444444444 0.5055583333333333 0.7367407407407407 0.50443125 0.7060157407407407 0.4476979166666667 0.7374092592592593
5 0.36616718750000005 0.7197083333333333 0.36597916666666663 0.7531055555555556 0.44826145833333336 0.8105490740740741 0.5053708333333333 0.772475925925926 0.5049947916666667 0.7387453703703704 0.44826145833333336 0.7748138888888889
3 0.2656625 0.4749074074074074 0.33141354166666664 0.5099740740740741 0.4336083333333333 0.4665583333333333 0.4332328125 0.4508611111111111 0.38401406250000003 0.42815185185185184
2 0.2656625 0.47590925925925925 0.2660385416666667 0.5169879629629629 0.3308494791666667 0.5543925925925927 0.4332328125 0.5083046296296296 0.4334208333333333 0.46822777777777774 0.3304739583333333 0.5103083333333334
2 0.26491145833333335 0.5206620370370371 0.2658505208333333 0.5617398148148148 0.3319770833333333 0.5998129629629629 0.3610947916666667 0.5874555555555555 0.36240989583333333 0.5757666666666666 0.421021875 0.549049074074074 0.4289119791666666 0.5547268518518519 0.4330447916666667 0.5527231481481482 0.43266927083333334 0.5083046296296296 0.33141354166666664 0.5547268518518519
2 0.2660385416666667 0.5644120370370371 0.26697760416666666 0.6038203703703704 0.3329161458333333 0.6448990740740741 0.36353697916666666 0.631874074074074 0.362034375 0.5864537037037038 0.332540625 0.6008148148148148
2 0.2664140625 0.6061583333333332 0.26716562499999996 0.6469027777777777 0.33329166666666665 0.6906527777777778 0.3644765625 0.6782962962962963 0.3639130208333333 0.631874074074074 0.3321645833333333 0.6452333333333333
2 0.2675411458333333 0.6475703703703704 0.26772916666666663 0.6883157407407408 0.332540625 0.7334018518518518 0.3644765625 0.7167027777777778 0.36410052083333333 0.6786305555555556 0.3317890625 0.6926564814814814
4 0.26716562499999996 0.6729527777777777 0.2675411458333333 0.6876472222222222 0.3329161458333333 0.7344037037037037 0.36372499999999997 0.7167027777777778 0.365228125 0.7213787037037037 0.3656036458333333 0.7551092592592593 0.44844947916666666 0.8125527777777778 0.5066859375 0.7728101851851852 0.505934375 0.7377435185185186 0.5506447916666667 0.7641268518518518 0.6426052083333332 0.7033444444444444 0.6426052083333332 0.6923231481481481 0.6529375000000001 0.6980000000000001 0.7312598958333333 0.6438972222222222 0.7314479166666668 0.6221888888888889 0.753990625 0.6322083333333333 0.7532395833333333 0.7210444444444444 0.4359453125 0.9560805555555556 0.2288796875 0.7854212962962963 0.22643749999999999 0.6912407407407407