6 0.7245986885416666 0.2791737175925926 0.6761038046875 0.2705844777777778 0.59187401875 0.3496404277777778 0.6415322078125 0.3549625101851852 0.7245986885416666 0.2791737175925926
6 0.6706122739583333 0.27119929722222225 0.6177832526041667 0.2621559509259259 0.534823315625 0.34425021203703704 0.5876193708333334 0.35142860833333334 0.6706122739583333 0.27119929722222225
3 0.6286269270833333 0.3715564981481482 0.5166474421875 0.36379509444444447 0.44928380052083333 0.42901620277777774 0.5607994942708333 0.43334246111111113 0.6286269270833333 0.3715564981481482
5 0.7245050729166667 0.2783012629629629 0.7205513250000001 0.24634720925925924 0.6702611265624999 0.23771873796296297 0.6679146786458333 0.24227693888888888 0.6722742135416666 0.272194012037037 0.6766951203125 0.26993906296296294 0.7245050729166667 0.2783012629629629
5 0.7194324947916667 0.24532600833333335 0.7138382984375 0.21186376574074076 0.6654364630208334 0.20402919814814813 0.6628103609375 0.20632359166666667 0.6679215296875001 0.2387020435185185 0.671797134375 0.23747006111111113 0.7194324947916667 0.24532600833333335
5 0.7135591546875 0.20959974351851854 0.7095316286458334 0.17874934907407408 0.6603518708333334 0.17005106296296296 0.6574669713541667 0.17205733518518518 0.6622719098958334 0.2037716638888889 0.6650375838541667 0.20260928055555558 0.7135591546875 0.20959974351851854
5 0.7093973541666667 0.17754277685185185 0.70473166875 0.14526452962962963 0.6545151921875 0.13541440185185186 0.6524542286458334 0.13866194537037035 0.6573526135416666 0.17112982777777777 0.6607364026041667 0.16772415833333332 0.7093973541666667 0.17754277685185185
5 0.7036576041666667 0.14187267592592592 0.6998535192708334 0.11477164166666666 0.6503747807291667 0.10183321851851852 0.6467783197916667 0.10532922407407407 0.6521750843749999 0.13639792314814814 0.6555785984375 0.1349674638888889 0.7036576041666667 0.14187267592592592
5 0.6711963484375 0.2688932231481481 0.6673351927083334 0.23757696666666667 0.6132692880208332 0.22736025833333334 0.529218746875 0.31150045092592593 0.5336450411458333 0.34376985740740745 0.61771541875 0.26160578055555556 0.6711963484375 0.2688932231481481
5 0.6654269932291667 0.2348069472222222 0.6610941458333334 0.20329109444444446 0.6083509552083334 0.19291535555555556 0.5249120760416667 0.2783860342592593 0.528912915625 0.3108352064814815 0.6122785828125 0.22658596944444445 0.6654269932291667 0.2348069472222222
5 0.6613252130208332 0.2013170777777778 0.6562956588541666 0.16800299166666666 0.6035529791666666 0.15762703703703704 0.5205390453125001 0.24291816574074077 0.5243741348958334 0.27583389166666666 0.6084044416666666 0.1897187037037037 0.6613252130208332 0.2013170777777778
5 0.6557941427083332 0.16734385092592594 0.65067566875 0.13330857129629628 0.5968957593750001 0.12178099166666667 0.5161691796875 0.20928684444444443 0.5200966958333333 0.24295655462962962 0.6026448791666666 0.1538922712962963 0.6557941427083332 0.16734385092592594
5 0.6500538822916667 0.13167396296296296 0.6455643890625 0.1009292138888889 0.5928083244791666 0.08500336944444445 0.5115299906249999 0.17710596388888888 0.515630728125 0.20673491666666666 0.5977997578124999 0.11822592592592593 0.6500538822916667 0.13167396296296296
2 0.5128063296875001 0.3217543694444444 0.4457217203125 0.38923859537037037 0.4495692854166667 0.42770554537037037 0.5175717875 0.3622159305555555 0.628821321875 0.3698291759259259 0.6275524125 0.35409187685185184 0.5330018234375 0.3458095462962963 0.529811728125 0.32175121759259256 0.5128063296875001 0.3217543694444444
2 0.528588403125 0.31909024444444445 0.5239897145833333 0.27816169999999996 0.5081679682291667 0.2768735953703704 0.44034510989583336 0.3474463324074074 0.4449240729166667 0.38639966574074075 0.5138305734375 0.3173549861111111 0.528588403125 0.31909024444444445
2 0.5234776536458333 0.2753188583333333 0.51854674375 0.23401598518518518 0.50085698125 0.23390987777777777 0.43492197552083334 0.3052767333333333 0.4401858130208333 0.3443391111111111 0.5073970088541667 0.2724358861111111 0.5234776536458333 0.2753188583333333
2 0.5177878364583334 0.23189173796296295 0.5123961161458334 0.191391675 0.49709309583333333 0.19068028703703704 0.4299680973958333 0.2669130796296296 0.43511893854166667 0.30324376296296296 0.5022103994791667 0.2321846435185185 0.5177878364583334 0.23189173796296295
0 0.4094180182291666 0.2889758 0.3371508557291667 0.36895734999999996 0.35492064270833334 0.5384897046296296 0.43105984947916665 0.46640614999999996 0.5433706322916667 0.4680178481481481 0.539961109375 0.4349232620370371 0.44875431875 0.4319827083333333 0.43216007552083335 0.2901326574074074 0.4094180182291666 0.2889758
1 0.46812521875 0.5365506268518518 0.5443278604166667 0.4700616 0.4310796859375 0.4683822657407407 0.35631022760416664 0.5406839101851852 0.46812521875 0.5365506268518518
4 0.48690985989583335 0 0.24817318124999999 0.3052665231481481 0.25619787135416666 0.3918861435185185 0.34017903958333334 0.3958248416666667 0.33674186770833336 0.369501387037037 0.40890765989583333 0.28704785092592594 0.4322569052083333 0.2877315564814815 0.42908692239583335 0.26698361851851854 0.4972530213541667 0.1880204351851852 0.5116164041666666 0.19030884722222222 0.5099616234375 0.17688759351851852 0.5922828416666667 0.08292663703703704 0.7003825020833333 0.1138687962962963 0.7091478630208333 0.17171902314814816 0.7660162140625 0.11487882592592592 0.7524992807291666 0.025107197222222224 0.6816730359375 0 0.48690985989583335 0