6 0.28120104166666665 0.6588564814814816 0.3495244791666667 0.7077620370370371 0.40608645833333334 0.6785101851851852 0.33615572916666664 0.6314324074074074
5 0.2800255208333333 0.6619277777777778 0.28029270833333336 0.6950574074074074 0.3511796875 0.742612962962963 0.36535677083333334 0.7354796296296296 0.36615937499999995 0.7177259259259259 0.40851354166666665 0.6934722222222223 0.4078890625 0.677462037037037 0.34948541666666666 0.7086898148148149
6 0.34264218750000003 0.6299074074074074 0.4138854166666667 0.6742916666666667 0.46586927083333335 0.6457592592592593 0.39409062499999997 0.6032759259259259
6 0.4022046875 0.6002648148148148 0.4740901041666667 0.641499074074074 0.5222401041666667 0.6153435185185185 0.4501046875 0.5758722222222222
6 0.45652447916666666 0.5727018518518519 0.5288380208333333 0.6115388888888889 0.5735994791666666 0.5869685185185186 0.501584375 0.5498759259259259
6 0.5083614583333333 0.5476564814814815 0.5807640625 0.5830055555555556 0.6223640625000001 0.5597037037037037 0.5497833333333334 0.5257814814814815
6 0.5969963541666666 0.5891879629629629 0.6769135416666666 0.6296101851851852 0.7181729166666667 0.6037712962962962 0.6365859374999999 0.5662027777777778
6 0.5882583333333333 0.5927546296296295 0.6702015625000001 0.6337314814814814 0.6247270833333334 0.6613129629629629 0.5440317708333333 0.6189888888888889
6 0.5370770833333334 0.6218425925925927 0.6191098958333333 0.6657518518518518 0.5714614583333333 0.6964444444444444 0.4892505208333333 0.6501574074074074
6 0.48122604166666666 0.654912962962963 0.5631692708333333 0.7015175925925926 0.5113036458333333 0.7338305555555555 0.42845052083333335 0.6835805555555556
6 0.4232791666666667 0.6865925925925925 0.5045984375 0.7384277777777777 0.4481140625 0.7741777777777777 0.3663645833333333 0.7191722222222222
5 0.3666098958333333 0.7195685185185186 0.36663229166666667 0.7542046296296296 0.44848645833333334 0.8101490740740741 0.5055526041666666 0.7722629629629629 0.5046609375 0.7381824074074074 0.448040625 0.7746407407407407
5 0.4139791666666667 0.6758851851851853 0.41415729166666665 0.6906268518518518 0.42334166666666667 0.6849203703703705 0.427978125 0.6888833333333334 0.42869166666666664 0.6811157407407408 0.46694375000000005 0.6616185185185185 0.46623020833333334 0.6457666666666667
5 0.5115265625 0.736438888888889 0.5110807291666667 0.7687759259259259 0.5635213541666667 0.7339018518518519 0.5631645833333334 0.7025157407407407
5 0.5645760416666668 0.6945425925925925 0.5642192708333333 0.725612037037037 0.5721546875 0.729575 0.6199479166666666 0.6970787037037037 0.6180755208333333 0.6669601851851852 0.5711739583333333 0.6966027777777778
5 0.6212854166666666 0.6612537037037037 0.6203046874999999 0.6918472222222223 0.6279729166666667 0.692799074074074 0.6702375 0.6639490740740741 0.6702375 0.6366833333333334 0.6258328125 0.6622046296296297
5 0.6719760416666667 0.6297481481481482 0.6707276041666667 0.659074074074074 0.6771479166666666 0.6611351851851851 0.7174505208333334 0.6340287037037037 0.718075 0.6059712962962962 0.6769692708333334 0.6306999999999999
5 0.6224916666666667 0.5615453703703704 0.6220098958333333 0.5747166666666667 0.5955052083333333 0.5890666666666666 0.5947223958333333 0.5960277777777778 0.5888192708333333 0.592600925925926 0.5811088541666667 0.5969916666666667 0.5806265625000001 0.5824268518518518
5 0.5735338541666667 0.5877546296296297 0.5732927083333333 0.6010342592592592 0.5439572916666666 0.6181675925925926 0.5432947916666666 0.6232009259259259 0.5369098958333333 0.6215944444444444 0.5291390625 0.6262000000000001 0.52901875 0.6116351851851852
5 0.5224072916666667 0.616187037037037 0.5222869791666667 0.6292518518518518 0.4892166666666667 0.6494916666666667 0.4879515625 0.6566666666666667 0.48084375 0.6530250000000001 0.47457916666666666 0.6565592592592592 0.47391666666666665 0.6412453703703703
4 0.27898385416666666 0.6662592592592592 0.2801119791666667 0.6965453703703703 0.3528828125 0.7456861111111112 0.36484218749999997 0.7366601851851852 0.3658572916666667 0.7563166666666666 0.44754166666666667 0.8128787037037037 0.5058994791666667 0.7741675925925926 0.5058994791666667 0.7657435185185185 0.511540625 0.7717611111111111 0.5645140625 0.7352564814814815 0.5646265625000001 0.7272333333333334 0.5728630208333333 0.7316462962962963 0.6200453125000001 0.7007574074074074 0.620609375 0.6929351851851852 0.6269276041666667 0.6957435185185186 0.6705140625 0.6668601851851851 0.6713036458333334 0.6596398148148148 0.6778473958333334 0.6638518518518519 0.7186614583333333 0.6359722222222223 0.7184557291666667 0.6146861111111112 0.7543333333333333 0.6311333333333333 0.7520260416666668 0.720187962962963 0.43750208333333335 0.9574074074074074 0.22784010416666664 0.7893629629629629 0.22610572916666666 0.6899240740740741