3 0.6010056697916667 0.4566988962962963 0.4905967380208333 0.44555252777777776 0.42638521458333334 0.49721497685185184 0.5341337848958333 0.5122321037037038 0.6010056697916667 0.4566988962962963
2 0.6013289947916667 0.458055162037037 0.5351210010416667 0.514105475 0.515742215625 0.5126843148148148 0.5174617447916667 0.5512112555555556 0.539385621875 0.5540024537037037 0.6049292880208333 0.497436112037037 0.6013289947916667 0.458055162037037
2 0.6050824479166667 0.4992133240740741 0.5387042104166666 0.5556836722222223 0.5182593765625 0.5538760333333334 0.5210008052083334 0.5898816851851852 0.5422261864583333 0.596551349074074 0.6092723817708333 0.5358481842592593 0.6050824479166667 0.4992133240740741
2 0.607971228125 0.5399200657407407 0.5428428140625 0.5989093648148148 0.5208364791666666 0.5927658685185185 0.5256942895833333 0.6347550388888888 0.5471546984375001 0.6369654324074074 0.61072393125 0.576652349074074 0.607971228125 0.5399200657407407
2 0.6099335088541668 0.5794641231481481 0.5464431072916667 0.6382903138888888 0.5266738130208333 0.6365391398148148 0.5290460223958333 0.6760427509259259 0.5487117083333334 0.6813887962962963 0.615158359375 0.6161303685185185 0.6099335088541668 0.5794641231481481
6 0.6531488255208333 0.40518434537037035 0.5748900880208333 0.40047164259259255 0.5351578286458333 0.43246001296296294 0.6160995875 0.4401432453703704 0.6531488255208333 0.40518434537037035
5 0.6027613442708333 0.4545719972222222 0.6036792744791666 0.46838043148148145 0.6169958875 0.4693757212962963 0.6569076286458333 0.4340648009259259 0.654482490625 0.40487409074074077 0.6151265291666667 0.44032597222222225 0.5352001588541667 0.43404452407407407 0.5359480072916667 0.44903036018518516 0.6027613442708333 0.4545719972222222
5 0.6558955791666666 0.43599401944444444 0.6154488505208333 0.4703549157407408 0.6037868239583334 0.4696283972222222 0.6060069916666666 0.5006481481481482 0.6185373182291667 0.500934550925926 0.6584087869791666 0.4651563287037037 0.6558955791666666 0.43599401944444444
5 0.6581237083333333 0.46604968425925924 0.6190051067708333 0.501104825 0.6068738229166667 0.5022916407407407 0.6097393083333333 0.5313403435185186 0.6210565822916667 0.5312174583333332 0.6602229020833333 0.4956657018518518 0.6581237083333333 0.46604968425925924
5 0.6603170276041667 0.496757899074074 0.6208998453125001 0.5325497185185185 0.6106734171875 0.5337644990740741 0.6112290265625 0.5601923287037037 0.6230468359375 0.5616700305555555 0.6620514734375 0.5242483129629629 0.6603170276041667 0.496757899074074
5 0.6625386640625001 0.5256940425925926 0.6219616098958334 0.5616998101851852 0.6117968395833333 0.5625735768518518 0.6129888515625 0.5900778861111111 0.62542971875 0.5924772101851852 0.6650861661458334 0.5542039666666667 0.6625386640625001 0.5256940425925926
1 0.5133337453125 0.5125126092592592 0.39992373854166663 0.49622228055555556 0.3028795885416667 0.5732973314814814 0.4148206291666667 0.5957846222222223 0.5133337453125 0.5125126092592592
0 0.51420985625 0.5137355472222223 0.4160421739583333 0.5974410527777778 0.3021196723958333 0.5716352759259259 0.32269961354166665 0.7603777324074074 0.43510149010416665 0.7989367685185186 0.5312047114583334 0.7020004166666667 0.51420985625 0.5137355472222223
4 0.6262075927083333 0.5953365435185185 0.6124705796875 0.5896842166666667 0.6159092270833334 0.6152796657407407 0.5496028791666667 0.6832594370370371 0.5289884036458333 0.6762832212962964 0.5325535640625 0.7015654259259259 0.436056453125 0.8010808166666666 0.32110820104166665 0.7615790833333334 0.31572054427083335 0.7079997333333333 0.23867976822916667 0.7719138740740741 0.24917948958333333 0.8633567787037038 0.46886800625 0.9661652342592593 0.7614290921875 0.6332053296296296 0.7550779390625001 0.5434223972222223 0.6746993822916667 0.5311937231481482 0.6648003609375 0.5414715185185185 0.667118878125 0.5540755416666666 0.6262075927083333 0.5953365435185185