3 0.49036247552083334 0.4677435509259259 0.39183396822916666 0.5331470824074074 0.470156078125 0.5528025222222221 0.5696348421875 0.49021896759259254 0.49036247552083334 0.4677435509259259
3 0.5776490057291667 0.49176334259259263 0.47581102135416664 0.5527184277777778 0.5455509963541666 0.5706652638888889 0.6470440036458334 0.5134599518518519 0.5776490057291667 0.49176334259259263
2 0.3878454567708333 0.4913151953703704 0.3904266380208333 0.5328591157407407 0.4894329375 0.46664586203703706 0.5698177744791667 0.4892061481481481 0.5668500088541666 0.4479655777777778 0.48660538125 0.42242544814814814 0.3878454567708333 0.4913151953703704
2 0.5672552489583332 0.4508649888888889 0.5710384755208333 0.49346688148148155 0.5765023708333333 0.4899581435185186 0.6478704364583333 0.513585575 0.6435396098958334 0.4725436648148148 0.5732978921874999 0.4489981462962963 0.5672552489583332 0.4508649888888889
2 0.3845933703125 0.4486368277777778 0.38738198489583336 0.4879311925925926 0.48498043697916665 0.4214300472222222 0.5660899593750001 0.44585702962962964 0.5631200442708334 0.40609600925925926 0.48312927083333335 0.37731340185185186 0.3845933703125 0.4486368277777778
2 0.3817396807291667 0.4071326240740741 0.3848231552083333 0.44663008703703705 0.4831089838541667 0.3755901148148148 0.5626907359375 0.4044323361111111 0.5587694484375 0.36333073703703705 0.479506625 0.33345587685185185 0.3817396807291667 0.4071326240740741
2 0.3791115625 0.36658170277777774 0.3818553895833333 0.40538951666666667 0.47993963020833336 0.3321596037037037 0.5586574364583333 0.3621138972222222 0.5564383401041667 0.32150336296296295 0.4761580354166667 0.288078237962963 0.3791115625 0.36658170277777774
2 0.37682369427083334 0.32672127777777776 0.379681165625 0.36526645740740743 0.47731744322916664 0.28717010833333334 0.5561226755208334 0.3195770546296296 0.5530391161458332 0.28007866851851854 0.4736702119791667 0.24454839537037035 0.37682369427083334 0.32672127777777776
2 0.5641599619791666 0.40989001203703707 0.5674263692708333 0.44837465555555556 0.5721512578125 0.44719294722222225 0.6436313348958334 0.47203721666666665 0.6397526859375 0.43290171944444444 0.5688421270833334 0.40674127962962964 0.5641599619791666 0.40989001203703707
2 0.5594515598958334 0.3674959398148148 0.5638666494791666 0.4082065185185185 0.5688012958333334 0.4064627981481482 0.640106003125 0.4324020574074074 0.6357966140625 0.39252094907407403 0.5651090359375 0.3650256101851852 0.5594515598958334 0.3674959398148148
2 0.5563532510416667 0.32591885462962966 0.5593915260416666 0.36585890925925924 0.5651768625 0.36400336944444445 0.6357677526041667 0.39143888518518516 0.6322857671875001 0.35206967685185186 0.5617433364583333 0.3228550083333333 0.5563532510416667 0.32591885462962966
2 0.5530951604166667 0.28436505648148147 0.5569962276041667 0.3244329212962963 0.5612199427083334 0.3217916888888889 0.6322981239583334 0.35143538703703703 0.6286508598958334 0.3133561787037037 0.5580897125 0.28085268055555557 0.5530951604166667 0.28436505648148147
4 0.37861073906250003 0.367949612037037 0.3760857265625 0.32661737962962967 0.47345501927083333 0.24349723055555555 0.5531878557291667 0.2787171638888889 0.5532246187500001 0.28346014444444445 0.5579265484375 0.28062290462962963 0.6285703776041667 0.3124818638888889 0.6354078729166667 0.38136404166666665 0.6377085265625 0.3796009564814815 0.6489763520833333 0.38416197314814815 0.6844426645833334 0.36177633981481483 0.771431975 0.3049174611111111 0.7611254145833333 0.21682802499999998 0.42646910989583336 0.02925785833333333 0.23578607291666664 0.22748676481481483 0.24194296041666666 0.3221755981481481 0.37861073906250003 0.367949612037037