0 0.45391518229166666 0.48295526759259255 0.44608854947916665 0.29686147592592593 0.3474176322916666 0.35375408333333336 0.24364965156249999 0.3426980962962963 0.25318036770833335 0.522951074074074 0.355365796875 0.5506576083333333 0.45391518229166666 0.48295526759259255
0 0.46013881927083333 0.6636082361111112 0.45210199427083336 0.48548772314814814 0.3554480171875 0.5531387796296295 0.25489531145833333 0.5246120231481483 0.2643575109375 0.7027973583333333 0.36435279791666664 0.7431353870370371 0.46013881927083333 0.6636082361111112
1 0.44416010781250004 0.2959317898148148 0.34194030989583335 0.28866251111111113 0.24241334166666664 0.3411805287037037 0.3471635458333333 0.3532446314814815 0.44416010781250004 0.2959317898148148
3 0.45460615989583336 0.48233254351851845 0.5350028645833333 0.4280265518518519 0.4706908411458333 0.4166561518518519 0.4521051786458333 0.42833464814814814 0.45460615989583336 0.48233254351851845
2 0.5372828552083334 0.46524534074074075 0.5360906588541667 0.42926835185185186 0.4541904166666667 0.48410289351851854 0.45453742343750003 0.5232070527777778 0.5372828552083334 0.46524534074074075
2 0.546914303125 0.505391399074074 0.545944915625 0.46845621388888886 0.45586223229166667 0.5345533833333332 0.4571366182291667 0.5730106277777778 0.546914303125 0.505391399074074
2 0.549780303125 0.5417878333333334 0.5476541234375 0.5092899666666667 0.45696985729166667 0.575136387962963 0.4589775161458334 0.6142472527777778 0.549780303125 0.5417878333333334
2 0.5424903390625 0.5794431435185184 0.5418311697916667 0.5482348398148148 0.4580912161458333 0.616133837962963 0.4590504541666667 0.6450808407407408 0.5424903390625 0.5794431435185184
6 0.556840775 0.7763265462962963 0.6078182927083333 0.7257165453703703 0.5157045552083334 0.6943508962962963 0.4636926041666667 0.742218525 0.556840775 0.7763265462962963
5 0.6085515229166667 0.7623023962962964 0.6092705510416666 0.7266085537037037 0.5566603104166667 0.7780387787037037 0.46420427135416664 0.743342875 0.46379295000000004 0.7738791694444445 0.5584761213541667 0.8113602425925925 0.6085515229166667 0.7623023962962964
4 0.5429445682291667 0.5710888092592592 0.5422813125 0.580293475 0.4600041171875 0.6452270564814815 0.46089715885416666 0.6650183120370371 0.36486212552083336 0.7441891342592593 0.26294353125000003 0.7030763787037038 0.26105920312500003 0.6676872712962963 0.2284667515625 0.6932485157407408 0.231163971875 0.781800838888889 0.5554680984375 0.9352832101851851 0.7581014854166667 0.7192987333333333 0.7580352067708334 0.6242588092592593 0.5429445682291667 0.5710888092592592