3 0.3560697916666667 0.46170462962962966 0.45998072916666666 0.5122185185185185 0.5367130208333334 0.47854259259259263 0.432115625 0.43095648148148147
3 0.43774375 0.4302240740740741 0.5445369791666667 0.4758583333333333 0.6115234375 0.44437777777777776 0.5054161458333334 0.4024046296296296
2 0.3546973958333333 0.4621925925925926 0.3559328125 0.5036777777777778 0.4603927083333333 0.5576083333333334 0.5378109375 0.5207592592592593 0.5369875000000001 0.4795185185185185 0.4591572916666667 0.5134388888888889
2 0.5378109375 0.4751259259259259 0.5379484375000001 0.5178314814814815 0.544125 0.5188074074074074 0.6117838541666667 0.48537500000000006 0.6123333333333334 0.44413425925925926 0.5435625000000001 0.47781018518518514
2 0.35578177083333334 0.5070935185185185 0.35660520833333337 0.5463824074074074 0.4610651041666667 0.6027537037037037 0.5379343750000001 0.5627324074074074 0.5372484375000001 0.5229555555555556 0.45886875 0.5588277777777778
2 0.3570171875 0.5483351851851852 0.35756614583333335 0.5878675925925927 0.4614770833333333 0.6466787037037037 0.5375229166666667 0.6056814814814815 0.5376598958333333 0.5644407407407408 0.4612026041666667 0.604462037037037
2 0.35784062499999997 0.5895759259259259 0.3586640625 0.6283768518518519 0.46230052083333334 0.6920685185185185 0.5390328125 0.647411111111111 0.5375229166666667 0.6069018518518519 0.46202604166666666 0.6478990740740741
2 0.3593505208333333 0.6295962962962963 0.36003697916666666 0.6681537037037037 0.46381041666666667 0.7355055555555555 0.5394442708333334 0.6888962962962963 0.5388953125 0.6493629629629629 0.4635359375 0.6928000000000001
2 0.5383463541666667 0.5202712962962963 0.5386208333333333 0.5588277777777778 0.5435625000000001 0.5612685185185184 0.611646875 0.5251518518518519 0.6119213541666666 0.48586296296296294 0.5431505208333333 0.5207592592592593
2 0.5384833333333333 0.5605361111111111 0.5378197916666667 0.6014611111111111 0.54366875 0.6030898148148148 0.6114093749999999 0.5656842592592592 0.61204375 0.5255953703703704 0.5435473958333333 0.56155
2 0.5379098958333334 0.6030898148148148 0.5385442708333333 0.6430537037037037 0.5441817708333333 0.6453083333333334 0.6116208333333333 0.6062222222222222 0.6114796874999999 0.5667592592592593 0.5438296875 0.6040916666666667
2 0.5393192708333333 0.6444314814814814 0.5391078125 0.6846462962962963 0.5443932291666667 0.6874018518518519 0.6115499999999999 0.6450583333333333 0.6116911458333333 0.6068481481481481 0.5437588541666667 0.6464361111111111
4 0.5393192708333333 0.6855231481481482 0.5442520833333333 0.6876527777777778 0.6115499999999999 0.6459351851851852 0.61204375 0.5767814814814815 0.6144916666666667 0.5781944444444445 0.6252734375000001 0.5720555555555557 0.6625713541666667 0.5890935185185185 0.7542317708333334 0.6328157407407408 0.7520473958333334 0.7214777777777778 0.4365942708333333 0.9553703703703703 0.22893906249999998 0.7867009259259259 0.22639531249999997 0.6921064814814815 0.3580411458333333 0.6270953703703704 0.35931302083333333 0.6683629629629629 0.4636927083333333 0.7365768518518518 0.5397166666666667 0.6902222222222223