6 0.6707550609375 0.47299785555555557 0.5935177354166666 0.44496900370370374 0.5382003401041667 0.4839796398148148 0.6167210161458333 0.510385887962963 0.6707550609375 0.47299785555555557
5 0.6713848036458334 0.47287308981481485 0.668482309375 0.43946694999999997 0.5895305708333333 0.4090410703703704 0.5345087005208333 0.4502740435185185 0.5374450625 0.4841292768518518 0.5928715411458333 0.4448686592592592 0.6713848036458334 0.47287308981481485
5 0.6689176802083333 0.4384681518518519 0.6657805666666667 0.4053368638888889 0.5871053135416666 0.37348786203703704 0.531378484375 0.4155446759259259 0.534297946875 0.4491758240740741 0.5899325916666667 0.4075930768518518 0.6689176802083333 0.4384681518518519
5 0.6652843588541667 0.4038393953703704 0.6618781734375 0.3705330472222222 0.5833358692708334 0.33706099166666664 0.528894978125 0.38091555 0.5317052875 0.4147957564814815 0.5869867447916667 0.371915575 0.6652843588541667 0.4038393953703704
5 0.6619195234375 0.3693848796296296 0.6592617187500001 0.3375269759259259 0.5804916927083333 0.30273169166666664 0.5263606375000001 0.34561232314814816 0.5289263265625 0.37794521574074075 0.5837548583333334 0.33583800555555554 0.6619195234375 0.3693848796296296
5 0.65892484375 0.3364528074074074 0.6558725015625 0.3044456351851852 0.5762868776041666 0.2673036185185185 0.5234412442708334 0.31198209722222225 0.5259899651041666 0.34408998333333335 0.580406990625 0.3016084972222222 0.65892484375 0.3364528074074074
2 0.48473506197916666 0.4594511018518519 0.41372898333333336 0.5138851083333333 0.4168130255208334 0.5547811768518519 0.4881608942708333 0.5030161444444444 0.5979791015625 0.534624237962963 0.5955485026041667 0.5040896638888889 0.5363629802083333 0.4850278333333333 0.5357942395833334 0.47578953333333335 0.48473506197916666 0.4594511018518519
2 0.5356954828125 0.47261660648148146 0.5323593375 0.4317704861111111 0.4827264609375 0.41400856296296296 0.41103696093750003 0.4697188805555556 0.4142300859375 0.5103649666666666 0.4862145947916667 0.45687708796296295 0.5356954828125 0.47261660648148146
2 0.5323328843749999 0.4297232092592593 0.5285349145833333 0.38782861018518516 0.4778946557291667 0.37026627129629625 0.407348075 0.4275743009259259 0.4115141984375 0.46757181296296296 0.4813489234375 0.4126857037037037 0.5323328843749999 0.4297232092592593
2 0.528769603125 0.38755468055555553 0.525576478125 0.3469085935185185 0.47460734374999997 0.32667472129629627 0.40478417604166667 0.38680355 0.40825326979166665 0.4260266166666667 0.47780995416666666 0.3691430777777778 0.528769603125 0.38755468055555553
3 0.5257093942708333 0.5824668722222222 0.5974639442708334 0.5360946462962963 0.4870957114583333 0.5041387851851852 0.4169560453125 0.5549812101851852 0.5257093942708333 0.5824668722222222
1 0.5083448317708333 0.6132749981481481 0.396236084375 0.5887340648148148 0.3189476625 0.6430443935185185 0.4308604828125 0.6632907416666667 0.5083448317708333 0.6132749981481481
0 0.3841879125 0.4052526703703704 0.30821654322916664 0.47024882129629625 0.31821624947916666 0.6418209574074074 0.3969982588541667 0.5869863462962963 0.5091583583333333 0.6122012787037037 0.5068342546875 0.577996375 0.4159701322916666 0.5556323435185185 0.4063089729166667 0.41227257314814814 0.3841879125 0.4052526703703704
4 0.7360074963541667 0.21676194907407406 0.5171191416666666 0.09095442222222223 0.22109896666666667 0.3879199564814815 0.22623090885416666 0.47630236018518524 0.26348656822916666 0.48579715185185185 0.30939299843749996 0.49601429259259255 0.30814874010416665 0.46934971296296296 0.3843208614583334 0.40362961574074074 0.40631638645833335 0.41067439074074075 0.40469656041666663 0.3875050814814815 0.4751563682291666 0.32565340648148144 0.5256807838541666 0.34574701666666663 0.5230881947916667 0.31136787222222223 0.5773902036458334 0.26346761574074073 0.656827509375 0.30314827499999997 0.662842665625 0.37105795555555554 0.7463802083333333 0.31026359444444446 0.7360074963541667 0.21676194907407406