1 0.2758854166666667 0.30195 0.36374270833333333 0.33461574074074074 0.4863416666666666 0.29508796296296297 0.39832968750000003 0.26489259259259257
1 0.49120520833333337 0.28829351851851853 0.5883270833333333 0.3192435185185185 0.6911614583333333 0.2838333333333333 0.5937312499999999 0.2550111111111111
0 0.4888890625 0.28966666666666663 0.4895067708333333 0.4614351851851852 0.5433947916666667 0.4850416666666667 0.5437036458333334 0.5042574074074073 0.5861651041666666 0.5199037037037036 0.6879192708333334 0.47076759259259254 0.6913161458333333 0.2863037037037037 0.5870916666666666 0.322262962962963
0 0.5437036458333334 0.5061787037037037 0.5430859375 0.6914657407407407 0.5819963541666666 0.7126027777777778 0.6842135416666667 0.6486444444444444 0.6873015625 0.4718657407407407 0.5843125 0.5226481481481482
0 0.4865729166666667 0.29920555555555556 0.4862640625 0.46198425925925923 0.40124791666666665 0.5001398148148147 0.40109375 0.5248444444444444 0.3646536458333333 0.5404907407407408 0.2799734375 0.49437499999999995 0.2751869791666667 0.3016759259259259 0.36150000000000004 0.33489074074074077
0 0.2802822916666667 0.4958842592592592 0.28367916666666665 0.6821333333333333 0.36783072916666665 0.7389546296296297 0.40288125 0.7191907407407407 0.4007192708333333 0.5253935185185185 0.3638161458333334 0.5432361111111111
6 0.4023109375 0.500437962962963 0.45446458333333334 0.5264851851851853 0.5416744791666667 0.48672222222222217 0.48758489583333336 0.46244351851851856
5 0.40204218750000004 0.5006777777777778 0.4023109375 0.5362351851851852 0.4561854166666667 0.5631907407407407 0.5417822916666667 0.5196037037037037 0.5411369791666666 0.48672222222222217 0.45435729166666666 0.5280148148148148
5 0.40365520833333335 0.5386722222222222 0.40392395833333333 0.570837037037037 0.456615625 0.5983657407407408 0.5429651041666667 0.5559259259259259 0.5428572916666667 0.5220888888888889 0.45543229166666666 0.5645287037037038
5 0.40311718750000003 0.5718888888888889 0.40306354166666664 0.6079240740740741 0.4570453125 0.6362175925925926 0.5422125 0.5907194444444445 0.5422125 0.5570731481481481 0.4559703125 0.6004685185185185
5 0.40365520833333335 0.6096453703703704 0.40403125 0.6423351851851852 0.4568302083333334 0.6725398148148147 0.5414593750000001 0.6249388888888888 0.5416744791666667 0.5911009259259259 0.45543229166666666 0.6381296296296296
5 0.40392395833333333 0.6431 0.40403125 0.6778935185185185 0.456615625 0.7092453703703704 0.5419973958333333 0.6597314814814814 0.5423197916666667 0.6266592592592592 0.45532500000000004 0.6742611111111111
5 0.4031713541666667 0.6771287037037037 0.40370885416666663 0.7117305555555555 0.4556473958333333 0.744612037037037 0.5412442708333334 0.6933777777777778 0.5413520833333333 0.6608787037037037 0.4548947916666667 0.710774074074074
5 0.4033859375 0.712399074074074 0.40349375 0.7467148148148148 0.45532500000000004 0.7813166666666667 0.5405994791666667 0.7277888888888888 0.5404916666666666 0.6941425925925926 0.45414218749999996 0.7465231481481481
4 0.2834901041666667 0.6647657407407408 0.28428177083333334 0.6830564814814815 0.36786458333333333 0.7416185185185185 0.40260833333333335 0.7205138888888889 0.40276666666666666 0.7482314814814816 0.4556260416666667 0.7827768518518519 0.5417000000000001 0.7282842592592593 0.5415416666666667 0.6914212962962963 0.5837307291666666 0.7171685185185186 0.6846875 0.6488314814814815 0.6852338541666666 0.5978916666666666 0.753921875 0.6310962962962963 0.7524973958333334 0.7213268518518519 0.43668541666666666 0.9578388888888888 0.22791354166666666 0.7878611111111111 0.22586197916666664 0.6923648148148148