6 0.48919189166666666 0.5875646305555555 0.4391902286458333 0.6222741324074074 0.5296078427083333 0.6326930361111112 0.5806014333333334 0.5990736944444445 0.48919189166666666 0.5875646305555555
5 0.4351066432291667 0.5862264435185185 0.4390348322916667 0.6210324407407408 0.48931176041666663 0.5862704935185186 0.5804004140625001 0.5987554814814815 0.5755274744791666 0.5636572111111111 0.48476073437499995 0.5504486277777778 0.4351066432291667 0.5862264435185185
5 0.4289017484375 0.5500065268518519 0.4333582760416667 0.5862476796296296 0.4846058635416667 0.5487186564814814 0.5726738833333334 0.5629583972222222 0.5690553078125 0.5315187185185185 0.48112752291666666 0.513979812037037 0.4289017484375 0.5500065268518519
5 0.42605166562499996 0.5139738907407407 0.430406784375 0.5487733601851852 0.48030815624999995 0.5124837740740741 0.570382425 0.5307580583333333 0.5664007026041666 0.49515388611111116 0.4770578677083333 0.47641024259259257 0.42605166562499996 0.5139738907407407
5 0.4255259838541667 0.4782041268518519 0.4293434052083333 0.5118640694444444 0.47812826770833333 0.47486106388888893 0.5700254135416666 0.49381049814814815 0.5657200833333333 0.4581460972222222 0.4744011760416667 0.4387659703703704 0.4255259838541667 0.4782041268518519
5 0.422131978125 0.44287638425925924 0.42631691510416664 0.4775787944444444 0.4741619036458333 0.4381168444444445 0.5659231833333334 0.4572434185185185 0.5616539114583333 0.42312990648148147 0.470076775 0.4016864064814815 0.422131978125 0.44287638425925924
3 0.5653110557291666 0.4517208416666667 0.602137559375 0.42256071203703705 0.478663678125 0.3918563898148148 0.4089462890625 0.4527318629629629 0.42365628489583335 0.4556877111111111 0.4221070255208333 0.44330839166666663 0.47017058802083334 0.4018046314814815 0.5619352364583333 0.4234836666666667 0.5653110557291666 0.4517208416666667
2 0.40376863125 0.4082029907407408 0.40889429895833335 0.45231643796296295 0.47826791614583336 0.39124486759259264 0.6011883973958334 0.4219469601851852 0.596567853125 0.37997552962962966 0.4727814036458333 0.3459444194444445 0.40376863125 0.4082029907407408
2 0.3993348536458334 0.36433968055555555 0.4042939921875 0.40712248148148145 0.4739928192708333 0.3454967685185185 0.5965609979166667 0.3796934537037037 0.5910885130208333 0.3372284740740741 0.4688210609375 0.29955021296296297 0.3993348536458334 0.36433968055555555
2 0.3943992458333333 0.31974971759259263 0.39966663229166666 0.36373279444444445 0.4675173203125 0.2985992972222222 0.5910687713541667 0.3362372962962963 0.5856135015625 0.29390987592592593 0.4629034119791667 0.25279575277777777 0.3943992458333333 0.31974971759259263
2 0.38686549375 0.27510882129629627 0.39229474427083333 0.31933295925925925 0.45970837239583334 0.25077449166666665 0.583069684375 0.2925756722222222 0.5777847114583333 0.2503462268518518 0.45517207552083333 0.20594468148148148 0.38686549375 0.27510882129629627
1 0.5410922541666667 0.6963243564814815 0.647838178125 0.7025899962962963 0.7404951109375 0.6511075037037037 0.6349183427083334 0.6402934722222222 0.5410922541666667 0.6963243564814815
1 0.5367265859375 0.6978547546296296 0.456013971875 0.7461807185185185 0.5622697864583334 0.7491615425925926 0.6442975276041667 0.7037674268518518 0.5367265859375 0.6978547546296296
1 0.530404853125 0.6958989333333333 0.40357813385416663 0.6892136148148148 0.324595984375 0.7435755027777778 0.4499686192708333 0.7468626527777777 0.530404853125 0.6958989333333333
0 0.426279125 0.4904854361111112 0.3813581552083333 0.48599326481481475 0.305157246875 0.5524679944444445 0.3247301588541667 0.7427829296296297 0.4040425260416667 0.6885004148148148 0.5313367427083333 0.6970818194444444 0.5240387624999999 0.6331734074074074 0.43861454843750003 0.6248298898148148 0.4347806880208333 0.5886056490740741 0.4329254223958333 0.5883199212962964 0.42810859010416663 0.5498311416666667 0.429356834375 0.5475058027777778 0.42462128854166664 0.5130170962962962 0.4283720213541667 0.5105634388888889 0.426279125 0.4904854361111112
0 0.3894805286458333 0.2993168657407408 0.3600844880208333 0.29140775 0.2863544942708333 0.3675619611111111 0.3046671119791667 0.5511613157407408 0.3808386916666667 0.4851972712962963 0.42636377187499996 0.49004214722222217 0.42443242708333334 0.4779645481481482 0.42532078854166666 0.4772379981481482 0.42328883385416666 0.45764695092592594 0.40814769218749997 0.4551858962962963 0.4026575234375 0.40907752407407405 0.4035426302083333 0.40608985833333333 0.39391320208333336 0.32131696388888886 0.3916648958333333 0.3201257611111111 0.3894805286458333 0.2993168657407408
0 0.5409168411458333 0.6966779777777777 0.6337809802083334 0.6394386833333334 0.7414696208333333 0.6501643305555556 0.7144785791666667 0.4667232675925926 0.607436615625 0.4418276203703704 0.5674786848958333 0.469537912962963 0.5703386854166667 0.49561495925925925 0.5672403171875 0.496639137962963 0.5711710390625 0.5323451083333334 0.569606909375 0.5327398777777778 0.5730501239583333 0.5613261537037038 0.5770507854166667 0.5632140898148148 0.581317784375 0.6005295101851852 0.5320346270833334 0.6310758657407407 0.5409168411458333 0.6966779777777777
0 0.6899485052083333 0.2909122777777778 0.58249990625 0.2519412453703704 0.5788844958333333 0.2543607490740741 0.5836981890625 0.2905893305555556 0.5860552333333333 0.29376906018518517 0.6030129432291667 0.4236793398148148 0.56581205625 0.4529207157407408 0.5675054026041667 0.46757101481481483 0.6066696041666667 0.44059839074074075 0.7145477614583334 0.4654703037037037 0.6899485052083333 0.2909122777777778
4 0.45442846458333336 0.20451939537037037 0.5783767916666667 0.24903696944444445 0.5791508255208334 0.25383281759259263 0.5819544239583333 0.2512530425925926 0.6897314234375 0.2908024601851852 0.6966985067708333 0.3399863212962963 0.7607830005208334 0.29189424444444445 0.7485104348958332 0.20354554629629631 0.4097339677083333 0.048868760185185184 0.2260516890625 0.2674627694444444 0.23505043958333335 0.3615750287037037 0.28620425624999996 0.3739297064814815 0.2850897041666667 0.3664129574074074 0.36051808229166665 0.2890467851851852 0.3891271458333333 0.2983578648148148 0.38618982916666666 0.27476944722222224 0.45442846458333336 0.20451939537037037