3 0.5946108114583333 0.3236168222222222 0.5156743526041666 0.32675645555555555 0.40961819114583337 0.41709214814814816 0.4875536973958334 0.4185775148148148 0.5946108114583333 0.3236168222222222
1 0.49729927552083336 0.2510090685185185 0.4069313197916667 0.2603703259259259 0.29575036041666664 0.3432420361111111 0.3845949510416667 0.33954672870370367 0.49729927552083336 0.2510090685185185
1 0.6932538765624999 0.15442417407407408 0.5936796723958333 0.17012541018518518 0.4991735260416667 0.24430762037037038 0.600150484375 0.23271175370370373 0.6932538765624999 0.15442417407407408
0 0.5104737 0.32983922685185185 0.5151941640625 0.3257348111111111 0.5953812661458334 0.32048438888888886 0.61020165625 0.4298230074074074 0.6256077541666667 0.4263950222222222 0.7145215286458334 0.3381390101851852 0.6932927380208334 0.15470158425925926 0.5980635348958334 0.23567644907407406 0.49841332552083334 0.24493084629629627 0.5104737 0.32983922685185185
0 0.3858096364583333 0.34108351574074075 0.2948590916666667 0.34392198425925924 0.32509630156249997 0.5302357101851852 0.4155202942708333 0.5379336555555555 0.42148025624999996 0.5321139898148147 0.40751960416666666 0.4182802648148148 0.5094596473958333 0.3296886694444444 0.49880089479166667 0.25242167685185185 0.3858096364583333 0.34108351574074075
0 0.3541666958333333 0.7070400962962963 0.4452258567708334 0.7274216694444444 0.44748960781249997 0.7234968148148149 0.4348038416666667 0.6435724898148147 0.4226670026041666 0.5545741685185186 0.42438400312499996 0.5514743935185186 0.4221677151041667 0.5332895314814814 0.415534890625 0.5402830851851852 0.326265634375 0.532674812037037 0.3541666958333333 0.7070400962962963
0 0.7144917864583333 0.3367619351851852 0.6232454 0.42765812407407405 0.6082349781249999 0.43214815 0.630318175 0.6129221583333333 0.6478499468750001 0.6153653925925926 0.7355480765625 0.5112092666666667 0.7144917864583333 0.3367619351851852
2 0.41394161354166664 0.4623187962962963 0.49509394739583334 0.4643111175925926 0.6005877197916667 0.3664972027777778 0.5945596348958334 0.32346606296296293 0.48763888072916667 0.41913961666666666 0.40844488802083334 0.41905769722222225 0.41394161354166664 0.4623187962962963
2 0.599458046875 0.36849067962962967 0.49339914375 0.46830499166666667 0.41377451927083336 0.4651490333333333 0.420366409375 0.5091895138888889 0.5000240916666666 0.512581450925926 0.6055860177083333 0.4102233398148148 0.599458046875 0.36849067962962967
2 0.6043231479166666 0.41327751481481484 0.49876050833333335 0.5176420453703704 0.41970175 0.5114832712962963 0.4261272604166667 0.5563475694444444 0.5075446848958334 0.5602322305555555 0.6098542557291666 0.45376485648148146 0.6043231479166666 0.41327751481481484
2 0.6082588557291667 0.4574644694444444 0.5032929973958333 0.5650814185185185 0.42420126354166665 0.5566795657407407 0.4300305203125 0.5992952268518518 0.511213284375 0.6085470018518518 0.6142537567708334 0.5002587305555556 0.6082588557291667 0.4574644694444444
2 0.6148688520833333 0.500745300925926 0.511329365625 0.6115059296296297 0.4303954984375 0.5998890851851852 0.43648982395833336 0.6433930861111111 0.51732365625 0.6553035083333334 0.6209300984375 0.5430093212962963 0.6148688520833333 0.500745300925926
2 0.6183732140625 0.5438646351851851 0.5163271796875 0.6562362851851852 0.43464682812500005 0.6454440296296297 0.4413056744791667 0.687950950925926 0.5230512187499999 0.7032277842592592 0.6245343692708333 0.5858341759259259 0.6183732140625 0.5438646351851851
2 0.6254625651041666 0.5894446944444445 0.52427970625 0.7029473666666667 0.44309847447916667 0.6886796537037038 0.4495583880208333 0.7317741944444445 0.5306058140625 0.7481059259259258 0.6310269609375 0.6291658166666667 0.6254625651041666 0.5894446944444445
4 0.629695228125 0.6153029462962963 0.6323413927083333 0.6273111425925926 0.5313522875 0.7505111796296295 0.35431451666666663 0.7093175398148148 0.3506887833333333 0.6834354472222222 0.27467371354166664 0.7580121824074074 0.2883472932291667 0.8510340046296296 0.5150490911458333 0.9302116166666667 0.7910635213541667 0.5700588148148148 0.7804943354166666 0.4785536268518518 0.7324315203125 0.47704989814814813 0.7371147166666667 0.5104806333333333 0.6493079833333333 0.6176814611111111 0.629695228125 0.6153029462962963