6 0.4174059947916666 0.7492928185185186 0.3438282921875 0.7222056592592593 0.292510253125 0.7646334564814815 0.3646905609375 0.7939759777777777 0.4174059947916666 0.7492928185185186
5 0.3698374963541667 0.8279841157407407 0.3830704973958333 0.8169807972222222 0.38206834322916666 0.7991980916666667 0.42130500520833336 0.7634150157407407 0.4190743119791666 0.7477541509259259 0.36474576666666664 0.7949044694444445 0.291663328125 0.7679984703703704 0.2952704286458333 0.8006907166666667 0.3698374963541667 0.8279841157407407
6 0.4729381640625 0.7002519601851852 0.39800551458333333 0.6782235296296296 0.35005831197916665 0.7188909712962963 0.4246558869791667 0.7429486074074074 0.4729381640625 0.7002519601851852
6 0.5253479890625 0.6544708953703704 0.45036824427083333 0.6355208574074074 0.40568740833333333 0.6729857453703704 0.48059905833333333 0.6937490518518519 0.5253479890625 0.6544708953703704
6 0.5730315442708334 0.6121038407407408 0.49841031927083335 0.5954729388888889 0.4563665651041667 0.6305973916666666 0.5314575973958333 0.648870513888889 0.5730315442708334 0.6121038407407408
6 0.6182733760416668 0.5715574240740741 0.5434154848958334 0.5582196777777778 0.5048562729166667 0.5913904796296297 0.5796828817708334 0.6061890509259259 0.6182733760416668 0.5715574240740741
6 0.71701640625 0.5884606462962964 0.6329265286458334 0.5740246805555556 0.5962827161458333 0.6077832333333333 0.6790172453125 0.6255066537037037 0.71701640625 0.5884606462962964
6 0.5471632536458333 0.6520076222222222 0.6308555854166666 0.6713953592592593 0.6728273416666667 0.6314519981481481 0.5880428026041666 0.6137442518518519 0.5471632536458333 0.6520076222222222
6 0.49639387864583334 0.6980905388888888 0.581977909375 0.7209757370370371 0.6257752307291666 0.6773499305555555 0.540606525 0.6567668527777778 0.49639387864583334 0.6980905388888888
6 0.43992845104166667 0.7480795277777778 0.5265445458333333 0.7747054287037037 0.5743288494791667 0.7283025722222222 0.48897623854166666 0.7050287064814815 0.43992845104166667 0.7480795277777778
6 0.38241629895833334 0.8005713944444445 0.46842621927083333 0.8322081 0.5204093463541667 0.781119599074074 0.43514285625 0.7524987212962964 0.38241629895833334 0.8005713944444445
5 0.520446090625 0.780859512037037 0.46840067395833335 0.8326864416666667 0.3826977375 0.8008950314814814 0.3862159802083333 0.8351454259259259 0.47242370572916664 0.8676815796296296 0.5247637890625 0.8143183555555557 0.520446090625 0.780859512037037
5 0.43999878750000004 0.7534557629629629 0.43991698489583336 0.745574562037037 0.4755965114583333 0.7156382333333333 0.4732941458333333 0.7001587703703703 0.42490900625 0.7444985592592592 0.42657235416666667 0.7590291074074074 0.43503557291666667 0.7508274148148147 0.43999878750000004 0.7534557629629629
5 0.577944265625 0.7602339712962963 0.574424990625 0.7292910898148148 0.5270272270833334 0.7772231055555555 0.5298525692708334 0.8093300101851852 0.577944265625 0.7602339712962963
5 0.624879171875 0.6788330851851851 0.5817109348958333 0.721212400925926 0.5750093270833333 0.7210122240740741 0.5777943718749999 0.7518406212962964 0.5860044119791666 0.7535502509259259 0.6297621692708333 0.7081001805555556 0.624879171875 0.6788330851851851
5 0.6731606734375001 0.6343615009259259 0.632033846875 0.671969325 0.627462325 0.6722952101851852 0.6295852317708334 0.7028266601851851 0.6372283625 0.7016325787037038 0.6759129026041666 0.661328512037037 0.6731606734375001 0.6343615009259259
5 0.7171421067708333 0.5906638111111111 0.6791821010416667 0.6265690092592593 0.6741716973958333 0.627018137037037 0.6759031744791667 0.6563704361111111 0.682430078125 0.6566209888888889 0.7193596364583333 0.6185877259259259 0.7171421067708333 0.5906638111111111
5 0.5814339958333333 0.6199259074074074 0.5885793609375 0.6134360185185185 0.5947351098958333 0.6151813787037037 0.5948028911458334 0.6080785314814815 0.6194402286458334 0.5865045324074074 0.6185848635416666 0.5733433768518518 0.5794891401041667 0.6056549787037038 0.5814339958333333 0.6199259074074074
5 0.5332337875 0.6632871583333334 0.5404169307291667 0.6565679824074074 0.5468630869791667 0.6563787509259259 0.5470070489583333 0.6512160657407408 0.5741494302083333 0.6261009055555555 0.5730463072916667 0.6128996148148148 0.531645190625 0.6489154240740741 0.5332337875 0.6632871583333334
5 0.48260058125 0.708508037037037 0.488409415625 0.7032678925925926 0.49577249791666667 0.7048902240740741 0.4962933583333333 0.6974415194444444 0.5267980427083333 0.6682137925925926 0.5255976796875 0.6552586120370371 0.48040275260416665 0.6935464277777778 0.48260058125 0.708508037037037
4 0.49100145260416667 1 0.7620857614583334 0.6941741601851852 0.7553673364583333 0.6054526796296297 0.7183965010416667 0.5991771166666666 0.7207476182291667 0.6201727194444444 0.6833927270833333 0.6591130953703703 0.6765272192708333 0.6567695583333333 0.6764789442708333 0.6641307092592592 0.6364967838541666 0.7048358694444445 0.6299949244791667 0.703817850925926 0.6302293578125 0.7117114564814815 0.5869106302083333 0.7554015925925925 0.5783588828125 0.7533307287037037 0.5790580244791667 0.7612973037037037 0.530606525 0.8121544138888889 0.5244471036458334 0.8077737388888888 0.5252974369791666 0.8161055175925925 0.4717693755208333 0.8706444148148148 0.38566641822916664 0.8374501509259259 0.3826832125 0.8182917231481481 0.37182391406250004 0.8305492944444445 0.2952427515625 0.8022127083333334 0.29107534687500003 0.7725725861111111 0.24142159114583334 0.8107040148148148 0.2531660098958333 0.9085704287037037 0.4425388875 1 0.49100145260416667 1