1 0.29443697916666667 0.2860574074074074 0.379571875 0.31759444444444446 0.49810781249999997 0.280975 0.41160885416666665 0.2527638888888889
1 0.4202651041666667 0.25148611111111113 0.5072609375 0.2785333333333333 0.6076145833333333 0.24788148148148148 0.5226411458333333 0.22346759259259258
1 0.4333692708333333 0.3063925925925926 0.5546776041666667 0.34824722222222226 0.6473218749999999 0.31461111111111106 0.5278708333333333 0.2760925925925926
1 0.5366760416666666 0.2754824074074074 0.6567692708333334 0.31081296296296296 0.7391046874999999 0.28043240740740744 0.6179755208333333 0.24869537037037037
0 0.6482880208333334 0.31452685185185186 0.6445203125 0.5133287037037036 0.5503932291666668 0.5591712962962962 0.4338171875 0.5035629629629629 0.4327494791666667 0.3065509259259259 0.5528104166666666 0.3494101851851852
0 0.4339552083333333 0.5044638888888889 0.4347328125 0.5571250000000001 0.5058234375 0.5940166666666666 0.5061286458333334 0.7366296296296296 0.5500645833333333 0.7632129629629629 0.6428182291666666 0.7029935185185184 0.6441916666666666 0.5149333333333334 0.5518953124999999 0.561861111111111
0 0.6490427083333333 0.3096462962962963 0.6464802083333333 0.5067398148148148 0.6544130208333333 0.5083675925925927 0.7331317708333334 0.4668648148148148 0.7384708333333333 0.2799675925925926 0.6574640625 0.31170462962962964
0 0.6453822916666667 0.5081240740740741 0.64358125 0.6933750000000001 0.6538026041666666 0.6950027777777777 0.7306906249999999 0.6440055555555555 0.7348098958333333 0.4661287037037037 0.6538026041666666 0.5111583333333334
6 0.3632942708333333 0.5769833333333334 0.4461354166666667 0.6252046296296296 0.5043380208333333 0.5950888888888889 0.4209859375 0.5490935185185185
5 0.3628328125 0.5780777777777777 0.36380989583333334 0.612975925925926 0.44634062500000005 0.6618916666666667 0.5046458333333333 0.6294027777777778 0.5042354166666666 0.5952712962962963 0.44521145833333337 0.625387962962963
5 0.36432291666666666 0.6154166666666666 0.36504166666666665 0.6493657407407408 0.44716197916666667 0.699925 0.505159375 0.6674361111111111 0.505159375 0.6322092592592592 0.4468536458333333 0.663237962962963
5 0.36483645833333334 0.6507953703703704 0.36473333333333335 0.6851092592592593 0.44736718750000004 0.7378583333333333 0.5053645833333333 0.7028138888888888 0.5048515625000001 0.6685 0.44746979166666667 0.7008064814814815
5 0.36514166666666664 0.6872712962962964 0.3662734375 0.7192407407407407 0.4477776041666666 0.7738157407407408 0.5050567708333333 0.7374935185185185 0.5050567708333333 0.7037268518518518 0.44695677083333335 0.7398657407407407
5 0.36622916666666666 0.7203361111111111 0.3663317708333333 0.7548333333333334 0.4486572916666667 0.8108675925925926 0.5059364583333333 0.7723555555555556 0.5053203125 0.7387712962962963 0.447528125 0.7747277777777778
0 0.29371406250000004 0.28689537037037033 0.29901041666666667 0.4740305555555555 0.3840046875 0.5167407407407408 0.4335848958333333 0.4948379629629629 0.4320453125 0.30195833333333333 0.3791802083333333 0.3189333333333333
0 0.29940989583333333 0.47627407407407407 0.3034244791666667 0.655562962962963 0.3650145833333333 0.6964481481481481 0.3623458333333333 0.5748351851851852 0.3837994791666667 0.5658916666666667 0.42178020833333335 0.5480046296296297 0.43276406250000005 0.555487962962963 0.4331744791666667 0.49581851851851855 0.38308125 0.5180861111111111
4 0.30069166666666663 0.6550101851851852 0.2267171875 0.6924324074074074 0.22916250000000002 0.7930546296296297 0.4380557291666667 0.9551685185185186 0.7534411458333333 0.7160351851851852 0.7527421875000001 0.6328037037037036 0.7331802083333333 0.6210027777777778 0.7296427083333333 0.6462435185185185 0.6510244791666667 0.6981583333333333 0.6434697916666666 0.6936805555555555 0.6425249999999999 0.7038953703703703 0.5505067708333333 0.764688888888889 0.5071979166666667 0.7385027777777777 0.5068703125 0.7738055555555556 0.447553125 0.8134546296296296 0.3643901041666667 0.7546805555555555 0.3646083333333333 0.696875925925926