1 0.6198038057291666 0.3156424611111111 0.5326226828125 0.3037637888888889 0.6442656697916667 0.3944898157407407 0.7299336526041666 0.4042982333333333 0.6198038057291666 0.3156424611111111
1 0.5180290442708333 0.23906594537037035 0.43524261406250003 0.22113750185185183 0.5261719786458333 0.2984557148148148 0.6113838635416666 0.31166059444444444 0.5180290442708333 0.23906594537037035
1 0.5998823447916667 0.3649215546296296 0.478091359375 0.3497695083333333 0.5796556015625 0.43934136203703705 0.7023594104166667 0.4476998287037037 0.5998823447916667 0.3649215546296296
1 0.5036037401041666 0.2855245620370371 0.3840089666666667 0.2673480453703704 0.47223562916666667 0.34384000277777776 0.5929507796875 0.3593851259259259 0.5036037401041666 0.2855245620370371
1 0.29957866041666664 0.19330402314814815 0.37473722135416665 0.2609389481481481 0.49644394635416667 0.28168770648148145 0.41953625781250004 0.2171878425925926 0.29957866041666664 0.19330402314814815
0 0.37457170625 0.2611118231481481 0.2991532432291667 0.19435667592592593 0.279704896875 0.376208787962963 0.35179013229166667 0.4519187111111111 0.3595481447916667 0.4523283296296296 0.3824141026041667 0.26406807037037033 0.37457170625 0.2611118231481481
0 0.35139894947916667 0.4527164296296296 0.2784735098958333 0.3758576240740741 0.26002488333333335 0.5481537148148149 0.32945826875 0.635146025925926 0.33874900052083334 0.6357781842592592 0.3594992328125 0.4548119222222222 0.35139894947916667 0.4527164296296296
0 0.42039744166666665 0.747119687962963 0.4241800598958333 0.7453991092592592 0.4500237 0.5497720648148148 0.4442691807291667 0.5503099166666666 0.3607454854166667 0.46139839537037036 0.3382910614583333 0.6465940564814815 0.42039744166666665 0.747119687962963
0 0.4709082375 0.34452889166666667 0.3827266776041667 0.2659710712962963 0.359786784375 0.4579569259259259 0.4447579015625 0.5487858555555556 0.4503541020833334 0.5494269703703704 0.476873628125 0.3455957472222222 0.4709082375 0.34452889166666667
0 0.5487775567708333 0.659405248148148 0.6716540916666667 0.6488161833333334 0.7025499130208334 0.4473047462962963 0.5797787104166667 0.4401425601851852 0.4767358817708333 0.3497925111111111 0.45042065833333333 0.5542216953703704 0.5487775567708333 0.659405248148148
0 0.547875790625 0.6597303361111112 0.4496006901041667 0.5558402546296296 0.42336334427083333 0.7522838018518518 0.5173278953125 0.8681758898148147 0.6407345635416667 0.8420427953703703 0.6708732484375 0.6514559351851852 0.547875790625 0.6597303361111112
0 0.6445022864583334 0.39929456574074074 0.7031856942708333 0.4478565611111111 0.6823251614583333 0.5841624046296297 0.7033148427083333 0.582304637037037 0.7307072890625 0.40370706666666667 0.6440737364583333 0.3950801925925926 0.6445022864583334 0.39929456574074074
0 0.6820259645833333 0.5842711083333333 0.654275346875 0.7591898842592593 0.6740950494791667 0.7565276740740741 0.7013885375 0.5828977037037038 0.6820259645833333 0.5842711083333333
4 0.5063773369791666 0.9857553592592593 0.7304816401041666 0.9188408981481482 0.7447521651041666 0.8262909740740741 0.6757407291666666 0.7564468907407407 0.6544078145833333 0.7591145879629629 0.6413304859375 0.8417233796296296 0.5174645901041667 0.8691889981481481 0.42303303333333336 0.7524957546296297 0.4241523614583333 0.746271687962963 0.4188745447916667 0.7465269731481482 0.3373177098958333 0.6456780685185185 0.3389107927083333 0.6359260462962962 0.32931238749999997 0.6356383148148148 0.25965790156249996 0.5479563833333334 0.2622658213541667 0.5264284546296296 0.23899715833333335 0.527680325925926 0.22914461458333332 0.613565524074074 0.5063773369791666 0.9857553592592593