6 0.3127083333333333 0.5473518518518519 0.38733177083333337 0.5902194444444444 0.445203125 0.5624685185185185 0.3691833333333333 0.5209546296296296
5 0.3120734375 0.5473518518518519 0.3124541666666667 0.5809694444444444 0.3886010416666667 0.6265444444444445 0.4463453125 0.596537037037037 0.44596458333333333 0.5624685185185185 0.38796614583333333 0.5904453703703704
5 0.311946875 0.5818722222222222 0.31258125 0.6152638888888889 0.388346875 0.6621925925925926 0.44685312499999996 0.6315083333333333 0.4464723958333333 0.5976648148148148 0.38809322916666666 0.6278981481481481
5 0.3129619791666666 0.6168425925925927 0.3138505208333333 0.6504601851851851 0.3893625 0.6989685185185185 0.4467260416666667 0.6662537037037036 0.4464723958333333 0.6321851851851852 0.388346875 0.6637712962962964
5 0.31372343750000004 0.651587962962963 0.31397708333333335 0.683625925925926 0.3896161458333333 0.733487962962963 0.44659895833333335 0.7016759259259259 0.4464723958333333 0.6691861111111111 0.3888546875 0.7000962962962963
5 0.31423124999999996 0.6847546296296296 0.31486562500000004 0.7170175925925926 0.39113906249999997 0.769361111111111 0.4469796875 0.7355185185185186 0.44685312499999996 0.7032546296296296 0.3896161458333333 0.7346157407407408
2 0.3896161458333333 0.5006490740740741 0.38974322916666665 0.5313333333333333 0.44710677083333333 0.5617916666666667 0.4469796875 0.5710425925925926 0.496475 0.5972138888888888 0.5710859374999999 0.5572796296296296 0.5710859374999999 0.5162166666666667 0.4963354166666667 0.5534435185185186
2 0.44684010416666664 0.5742009259259259 0.44709427083333336 0.6152638888888889 0.49506614583333336 0.6425638888888889 0.5704515625000001 0.6015009259259259 0.5703244791666666 0.560663888888889 0.4948125 0.5994703703703703
2 0.44696718750000003 0.6172944444444445 0.4476015625 0.6594851851851852 0.4965890625 0.6867851851851852 0.5709588541666667 0.6439175925925926 0.5698166666666666 0.6035314814814815 0.4963354166666667 0.6441425925925925
2 0.4473479166666667 0.6597101851851852 0.447475 0.7005472222222222 0.4965890625 0.7305546296296297 0.5704515625000001 0.6847546296296296 0.56994375 0.6452712962962963 0.4965890625 0.687912962962963
3 0.3902380208333333 0.4992953703703704 0.4649885416666667 0.46748333333333336 0.5709588541666667 0.5159907407407407 0.4974776041666667 0.5525416666666667
1 0.4845453125 0.44040833333333335 0.5940692708333334 0.48666018518518517 0.6749114583333333 0.4480796296296296 0.5652604166666666 0.4061148148148148
0 0.4836567708333333 0.4413111111111111 0.483403125 0.47560555555555556 0.5719869791666666 0.5155398148148148 0.5708447916666667 0.6592592592592592 0.5922927083333334 0.6705398148148148 0.6726270833333333 0.6211296296296297 0.6755463541666666 0.4494333333333333 0.59318125 0.4882398148148148
4 0.6733885416666666 0.5954092592592592 0.6726270833333333 0.6220324074074074 0.5920390624999999 0.6721194444444445 0.5707177083333334 0.6608388888888889 0.5705911458333334 0.6840777777777778 0.49596718749999996 0.7314574074074075 0.44728437499999996 0.7016759259259259 0.44728437499999996 0.7361953703703704 0.3897557291666667 0.7729398148148148 0.3138197916666667 0.7181138888888888 0.3129317708333333 0.6497518518518518 0.22539635416666667 0.6935222222222223 0.22869583333333335 0.7880564814814814 0.4367026041666667 0.9554203703703704 0.7529973958333334 0.7196527777777778 0.7545203125000001 0.6312101851851851 0.7182239583333333 0.6145148148148148