6 0.7270534651041667 0.43159298611111113 0.6787860572916667 0.41064519166666663 0.5931089994791667 0.46709191111111115 0.6426023489583332 0.48511128333333325 0.7270534651041667 0.43159298611111113
6 0.6732891630208333 0.4098412138888889 0.6207018005208333 0.3873309759259259 0.5362334796875 0.4471053703703704 0.5888244786458333 0.46776488796296295 0.6732891630208333 0.4098412138888889
3 0.6293874661458333 0.49818664444444444 0.5176965734375 0.4617411722222222 0.44913634375 0.5088560259259259 0.56043135625 0.5417889722222222 0.6293874661458333 0.49818664444444444
5 0.7269770682291666 0.43070709074074076 0.723654596875 0.39812589259259257 0.6735948302083333 0.3766779537037037 0.6711618770833333 0.3805776361111111 0.6749295765625 0.4112509361111111 0.6793893057291667 0.41015960092592596 0.7269770682291666 0.43070709074074076
5 0.72255715 0.3968295851851852 0.7176257968749999 0.3623369657407407 0.6694365281250001 0.3421585731481481 0.66676864375 0.3437501333333333 0.6712388057291666 0.37704801851851855 0.6751338416666666 0.37682705555555557 0.72255715 0.3968295851851852
5 0.7173913791666667 0.360028762962963 0.7139735817708334 0.32851882962962964 0.665024271875 0.30728730555555556 0.6621035546874999 0.3085277416666667 0.6662808791666667 0.34109088703703705 0.6690659723958333 0.3406534277777778 0.7173913791666667 0.360028762962963
5 0.7138631265625001 0.32729243518518514 0.709835940625 0.2942080240740741 0.6598737557291667 0.2715722453703704 0.6577516354166666 0.27425059351851855 0.6620075197916666 0.30758213518518523 0.6654539541666666 0.30508755 0.7138631265625001 0.32729243518518514
5 0.70882968125 0.290581425 0.705561546875 0.2628326361111111 0.6563967484375 0.23733575185185185 0.6527361302083333 0.23986491759259257 0.6575172182291666 0.2719423907407408 0.6609446296875 0.27140404166666665 0.70882968125 0.290581425
5 0.6739177364583333 0.40771331666666666 0.6706752406250001 0.37578594814814814 0.6168755052083333 0.3517987546296296 0.5312777984375 0.4133138925925926 0.5350660578125 0.44632804814814814 0.6206448359375 0.38677007037037037 0.6739177364583333 0.40771331666666666
5 0.668823671875 0.3725592425925926 0.6651139713541667 0.3403134842592593 0.6126384567708333 0.3165091305555556 0.5276255828124999 0.3794957564814815 0.53098538125 0.41257814814814814 0.6159011869791667 0.3507792814814815 0.668823671875 0.3725592425925926
5 0.6653834583333332 0.3384228805555556 0.6610131546875 0.304221725 0.6085381541666667 0.2804172907407408 0.5239532276041666 0.3433357611111111 0.5271383322916666 0.37683643055555555 0.6127545484375 0.3133651361111111 0.6653834583333332 0.3384228805555556
5 0.6605251718749999 0.30344171851851853 0.6560801958333333 0.2685052972222222 0.6025918067708333 0.24329668796296297 0.520248028125 0.3089907722222222 0.5235106640625 0.34326 0.6077043807291667 0.27649460555555555 0.6605251718749999 0.30344171851851853
5 0.6554912130208332 0.2667307888888889 0.651609940625 0.2352064888888889 0.5992303776041666 0.20591628055555555 0.5162453968749999 0.27600935 0.5197602630208333 0.30633152592592594 0.6035644010416666 0.24001722314814813 0.6554912130208332 0.2667307888888889
2 0.5146843484375 0.41922503055555554 0.4463584432291666 0.4686471657407407 0.4494471760416667 0.5076346916666666 0.5186507515625 0.46041878611111114 0.6296154885416667 0.4965303064814815 0.6286566546875 0.48065846296296294 0.5343836354166667 0.4481776027777778 0.531669090625 0.42359227685185186 0.5146843484375 0.41922503055555554
2 0.5304994244791666 0.42064930185185184 0.5267087432291667 0.37903710925925926 0.5109315265625 0.37369851944444443 0.4418077208333333 0.42598184166666664 0.445617425 0.46563779814814815 0.5157935947916666 0.41514242870370366 0.5304994244791666 0.42064930185185184
2 0.5262530401041666 0.3760972722222222 0.5221378802083333 0.334029925 0.5044717505208334 0.3293788685185185 0.4372179291666667 0.3829318175925926 0.44170953489583337 0.42287150370370374 0.5102485072916667 0.3691166935185185 0.5262530401041666 0.3760972722222222
2 0.5214215427083333 0.3317364972222222 0.5168303958333333 0.29034376018518515 0.5015599671875 0.2857081805555556 0.43302220572916666 0.34376201018518515 0.4374545083333333 0.38097421296296297 0.5058573421875 0.3280224611111111 0.5214215427083333 0.3317364972222222
0 0.4120646244791667 0.3602748342592592 0.33831746927083334 0.42071026018518515 0.3527419244791667 0.5927457768518518 0.43020156562499995 0.5411073166666667 0.5423439182291666 0.5715630833333334 0.5395873682291668 0.537995100925926 0.4485493484375 0.5116503453703704 0.43475629374999997 0.3672622814814815 0.4120646244791667 0.3602748342592592
1 0.46584659375000004 0.6199236944444445 0.5432599124999999 0.5738279638888889 0.4301826364583333 0.543064475 0.3540867994791667 0.5952703953703704 0.46584659375000004 0.6199236944444445
4 0.7716415317708333 0.27994222037037036 0.7599010395833333 0.1877895138888889 0.5384104166666667 0.05219879166666667 0.25069685989583335 0.33492759722222226 0.2570135953125 0.42255516666666665 0.3408152265625 0.44802894444444447 0.33789831354166666 0.42114256574074077 0.41159268489583334 0.3582391916666667 0.43490007864583335 0.36491529351851854 0.4321407213541667 0.3436052296296296 0.50177184375 0.2831218064814815 0.5160728630208333 0.2890737296296296 0.514683221875 0.2753905712962963 0.5987462494791667 0.20372977962962963 0.7061075859375 0.26207672962962963 0.7137281135416667 0.32147545370370373 0.7716415317708333 0.27994222037037036