3 0.27046718750000004 0.3935314814814815 0.3367984375 0.4255259259259259 0.3992729166666667 0.40084444444444445 0.3961880208333334 0.35468055555555555 0.3887322916666667 0.3514814814814815
2 0.2686671875 0.39444537037037036 0.26943854166666664 0.4364953703703704 0.3370552083333333 0.4698611111111111 0.3995302083333333 0.4492925925925926 0.3987588541666666 0.4013009259259259 0.3373125 0.4273537037037037
2 0.26918020833333334 0.4385212962962963 0.26945468749999996 0.480250925925926 0.336578125 0.5156351851851851 0.3987598958333333 0.49074351851851855 0.39862239583333337 0.4507231481481482 0.336578125 0.4709777777777778
2 0.27055260416666665 0.4804944444444444 0.2716510416666667 0.5249083333333333 0.33836249999999995 0.5607805555555556 0.37185572916666665 0.5471148148148148 0.3726791666666667 0.5207592592592593 0.39930885416666667 0.5092898148148148 0.39930885416666667 0.4914759259259259 0.33630364583333333 0.5168546296296296
2 0.2720625 0.5253962962962963 0.2730234375 0.567125 0.3390489583333334 0.6064138888888889 0.3741890625 0.5925037037037038 0.37295364583333335 0.5480907407407407 0.3384994791666667 0.5624888888888889
2 0.27274895833333335 0.567125 0.273846875 0.6076342592592593 0.3397348958333334 0.6486305555555555 0.3743265625 0.6313046296296296 0.3741890625 0.5944564814814816 0.33891145833333336 0.6078777777777779
2 0.2724744791666666 0.6090981481481482 0.2742588541666667 0.6503388888888889 0.3390489583333334 0.6940203703703703 0.37569895833333333 0.6781583333333333 0.3744635416666667 0.6339888888888888 0.3386369791666667 0.6496074074074074
2 0.2711015625 0.6500953703703704 0.27233697916666666 0.6910925925925926 0.33740156250000003 0.736237962962963 0.38613125 0.7103703703703704 0.38640572916666666 0.7069537037037037 0.37638541666666664 0.7015851851851852 0.3755619791666666 0.6796231481481482 0.3354796875 0.6945083333333333
6 0.39857708333333336 0.337262962962963 0.45005260416666665 0.36015185185185183 0.5409598958333334 0.3279953703703704 0.4873078125 0.30912962962962964
5 0.3974854166666667 0.33957129629629634 0.39845 0.37601574074074073 0.45017291666666664 0.3980972222222222 0.5405984375 0.3650824074074074 0.5415625 0.3303527777777778 0.44981145833333336 0.3612240740740741
5 0.4002583333333333 0.37942777777777775 0.40013802083333333 0.4135138888888889 0.45270520833333333 0.4351666666666667 0.5421656250000001 0.3987222222222222 0.5420447916666667 0.3652787037037037 0.4530666666666667 0.3982935185185185
5 0.4000171875 0.4140231481481481 0.40013802083333333 0.44918148148148146 0.4521020833333333 0.4729777777777778 0.5418036458333333 0.4350324074074074 0.5415625 0.4007314814814815 0.4519817708333333 0.4361037037037037
5 0.3997760416666667 0.4508962962962963 0.4002583333333333 0.4858398148148148 0.4545135416666667 0.5104935185185185 0.5414421875 0.47126203703703706 0.5413213541666667 0.43696111111111113 0.4522229166666667 0.47555000000000003
5 0.4002583333333333 0.48819814814814816 0.4004994791666666 0.5214268518518518 0.4530666666666667 0.5480101851851852 0.5421656250000001 0.505562962962963 0.5404776041666667 0.4721194444444445 0.4535489583333333 0.5122092592592593
2 0.37288958333333333 0.5228916666666666 0.37373385416666666 0.5681259259259259 0.4508963541666667 0.6095009259259259 0.5709812500000001 0.5484027777777778 0.570378125 0.5042407407407408 0.45065520833333333 0.5640518518518519
3 0.37457760416666663 0.5226768518518519 0.4504140625 0.5627657407407408 0.5701369791666667 0.503812037037037 0.5412010416666667 0.49052037037037033 0.5408390625 0.5074564814814815 0.45270520833333333 0.5492601851851852 0.3997760416666667 0.5216055555555555 0.3995348958333333 0.5096
2 0.37421614583333335 0.5697240740740741 0.37481875000000003 0.615173148148148 0.45113749999999997 0.6565481481481481 0.570378125 0.5903046296296296 0.5707401041666667 0.5491435185185186 0.4508963541666667 0.6108851851851852
2 0.37518072916666667 0.6170842592592592 0.37542187499999996 0.655887037037037 0.4512583333333334 0.7017638888888889 0.5698958333333334 0.6344490740740741 0.5701369791666667 0.5935018518518518 0.4508963541666667 0.6580305555555556
2 0.375715625 0.6571175925925926 0.3768682291666667 0.7009685185185186 0.45270520833333333 0.750275925925926 0.5698958333333334 0.678887037037037 0.5697755208333334 0.6360296296296296 0.45137864583333337 0.7042018518518519
2 0.386634375 0.7076324074074074 0.38723697916666666 0.7404324074074075 0.4633151041666667 0.7890962962962963 0.5768885416666667 0.7144925925925927 0.5765270833333334 0.674188888888889 0.4523432291666667 0.751150925925926
1 0.3967041666666667 0.26138796296296296 0.4849588541666667 0.2884 0.5885661458333333 0.2558138888888889 0.501034375 0.2318037037037037
1 0.48873645833333335 0.29097222222222224 0.5867421875000001 0.3218037037037037 0.6901713541666666 0.2840722222222222 0.5916682291666666 0.25641759259259256
0 0.48677499999999996 0.2909324074074074 0.48737760416666664 0.308512037037037 0.54235625 0.3284490740740741 0.5421151041666668 0.4890888888888889 0.572015625 0.503237962962963 0.5717744791666667 0.5188879629629629 0.5840723958333334 0.5206027777777777 0.6870364583333333 0.4712953703703704 0.6906531250000001 0.2850361111111111 0.5845546875000001 0.32362407407407406
0 0.5718947916666667 0.5220305555555556 0.571171875 0.6678092592592593 0.5791291666666667 0.6731685185185186 0.5790083333333332 0.7115425925925926 0.5846750000000001 0.7132574074074074 0.6843838541666667 0.6489435185185185 0.6867953124999999 0.4720185185185185 0.5835901041666667 0.521325925925926
0 0.39676458333333336 0.2639287037037037 0.39688489583333336 0.3387472222222222 0.4861046875 0.3085203703703704 0.4858635416666666 0.2896546296296296
4 0.6855880208333333 0.6039787037037038 0.6829119791666667 0.6515666666666666 0.58255 0.7158092592592592 0.5785354166666666 0.7134305555555556 0.5755244791666667 0.7193787037037037 0.461446875 0.7937342592592592 0.38650989583333334 0.7413879629629629 0.385171875 0.7110509259259259 0.3359947916666667 0.7401981481481481 0.270090625 0.6920157407407407 0.27075937499999997 0.6682222222222222 0.225596875 0.6920157407407407 0.22760416666666666 0.7925444444444444 0.4376947916666667 0.9583546296296296 0.7531651041666667 0.721012037037037 0.7545031249999999 0.6300009259259259