6 0.3568563875 0.5849229277777778 0.4009092161458333 0.5432431583333334 0.30890162395833337 0.5320238185185185 0.26512140260416667 0.5774529027777778 0.3568563875 0.5849229277777778
6 0.40453314166666665 0.5425726546296297 0.45168656354166664 0.49713736203703707 0.35677599427083334 0.483047212962963 0.3113948692708333 0.5294721944444445 0.40453314166666665 0.5425726546296297
3 0.4469779817708333 0.5974890842592593 0.5485183119791667 0.5101966074074075 0.4730553838541667 0.49980265462962964 0.3734260390625 0.5893444925925926 0.4469779817708333 0.5974890842592593
3 0.5207947880208333 0.6016035842592592 0.6221029328125 0.5206222481481482 0.5545170984375001 0.5109500222222222 0.45312954843750003 0.5975309037037038 0.5207947880208333 0.6016035842592592
5 0.30813043906250004 0.5309464824074074 0.3052119692708333 0.4987323611111111 0.2629289791666667 0.5412676138888889 0.26508332552083336 0.5769113009259259 0.30813043906250004 0.5309464824074074
5 0.30557687604166667 0.4978599962962963 0.30279620989583333 0.4645061018518518 0.2588731786458333 0.5088858231481481 0.2620351515625 0.5401170601851851 0.30557687604166667 0.4978599962962963
5 0.3027845104166667 0.462800312962963 0.3002734630208333 0.4295036407407407 0.2573225557291667 0.47554851666666664 0.26017598645833334 0.5071647666666667 0.3027845104166667 0.462800312962963
5 0.2991976625 0.4284971537037037 0.2969188208333333 0.3965156861111111 0.2544579375 0.4422262898148148 0.2568434385416667 0.47378041666666665 0.2991976625 0.4284971537037037
5 0.2957097546875 0.39509124166666665 0.2929455265625 0.3618872222222222 0.25045851614583337 0.41056269351851854 0.25338213645833335 0.4412198027777778 0.2957097546875 0.39509124166666665
5 0.34398110885416666 0.3390119194444445 0.4387442296875 0.3589220851851852 0.4356074177083334 0.32632114166666665 0.34212095468750003 0.30298847222222225 0.29574598489583337 0.35541944444444445 0.29882894583333336 0.3891284944444445 0.34398110885416666 0.3390119194444445
5 0.3473966651041666 0.37415438055555555 0.4425345328125 0.392684062962963 0.4389620598958333 0.3593090962962963 0.3441476630208333 0.33972853148148147 0.29858805208333333 0.389994212962963 0.3013968552083333 0.4252037722222222 0.3473966651041666 0.37415438055555555
5 0.350657565625 0.4102878361111111 0.445516590625 0.4262750935185185 0.4421434479166667 0.3939155814814815 0.3467683239583333 0.3756286138888889 0.3011088359375 0.42577590092592593 0.30428105104166664 0.46050289537037037 0.350657565625 0.4102878361111111
5 0.35298814427083336 0.44753836574074074 0.44896038385416664 0.4632741268518518 0.4448205359375 0.42792905185185187 0.3498256697916667 0.4123023435185185 0.30346255260416666 0.4608411638888889 0.3065352598958333 0.4950594296296296 0.35298814427083336 0.44753836574074074
5 0.35616695625 0.4829233555555556 0.4510849838541667 0.4962454944444445 0.44813312604166666 0.4637318111111111 0.3528308145833333 0.4493069574074074 0.30624064270833334 0.4949735638888889 0.30946039999999997 0.5307318777777777 0.35616695625 0.4829233555555556
2 0.44953631875 0.4733275694444445 0.45146679270833334 0.49812762222222223 0.36984731354166667 0.5732548731481482 0.37144972031249995 0.5908641916666667 0.4708807161458333 0.5003547268518519 0.5483348807291667 0.5088692231481481 0.5442586739583334 0.4693022083333333 0.46686032447916664 0.45765608888888887 0.44953631875 0.4733275694444445
2 0.46582710625 0.4557789842592593 0.5433566588541667 0.46737708796296296 0.5385773348958334 0.4262014185185185 0.4623321885416667 0.4135116092592592 0.44573485104166666 0.42860538148148153 0.4494528489583333 0.4697036638888889 0.46582710625 0.4557789842592593
2 0.46098676875 0.41244790000000003 0.5385845484375 0.42386608981481483 0.534247946875 0.38672705555555553 0.45691777552083335 0.3705455555555556 0.4424156651041667 0.38394006388888885 0.44619921458333334 0.4256360314814815 0.46098676875 0.41244790000000003
2 0.4568896380208333 0.36868989074074077 0.5335145302083333 0.3840401462962963 0.5288801713541667 0.34498822500000004 0.45239884635416666 0.32694190648148147 0.43782387135416667 0.34207315092592594 0.4422331859375 0.3830733888888889 0.4568896380208333 0.36868989074074077
2 0.5523806416666667 0.5106548046296296 0.6216987208333333 0.5177921898148148 0.6177957161458333 0.48220549537037033 0.5481758067708333 0.4691130083333333 0.5450141036458334 0.4722918972222222 0.5490693338541667 0.5132667694444445 0.5523806416666667 0.5106548046296296
2 0.5486166177083334 0.46833001944444447 0.6183441307291666 0.47920538518518524 0.6140449427083333 0.44080837037037035 0.5445915874999999 0.4284324944444444 0.5399277463541666 0.4323169870370371 0.5445667432291666 0.46981208518518514 0.5486166177083334 0.46833001944444447
2 0.5461967901041667 0.4270675027777778 0.6139984041666666 0.4395820564814815 0.6093429697916667 0.40193708148148144 0.5408413265625001 0.3870351824074074 0.5358049010416667 0.39152274907407403 0.5400712135416667 0.4296200148148148 0.5461967901041667 0.4270675027777778
2 0.5415814442708334 0.3873869509259259 0.6095659505208334 0.4007670824074074 0.6058223385416667 0.36263347777777777 0.5369896500000001 0.34552003703703704 0.5304796380208333 0.3525677759259259 0.5353385281249999 0.38967156759259264 0.5415814442708334 0.3873869509259259
4 0.5305568890625 0.35120640555555555 0.5375120401041666 0.34296311111111116 0.6062610416666666 0.36267700833333333 0.6125823203125 0.4220141462962963 0.7158250802083334 0.3306804064814815 0.7045185901041666 0.24374683888888887 0.36786213802083334 0.12715105648148148 0.18256515677083335 0.3659049740740741 0.1913718046875 0.4629027231481481 0.25567806666666665 0.47101916388888887 0.24962104635416665 0.4095322898148148 0.34383485052083335 0.29998984074074075 0.43641158697916665 0.3237281768518519 0.43786029427083334 0.33902231851851855 0.4528092026041667 0.32503064444444446 0.5297557260416667 0.34390158703703705 0.5305568890625 0.35120640555555555