0 0.6544930041666667 0.4291988185185185 0.6919160125 0.23976028611111108 0.6035662645833334 0.2552382148148148 0.598638009375 0.2547406712962963 0.5607929192708333 0.4574660277777778 0.5640562255208333 0.45921978148148146 0.6544930041666667 0.4291988185185185
0 0.6181539135416667 0.6157784648148148 0.6547256567708334 0.43218305555555553 0.5635831796875 0.4601131944444445 0.5266217505208333 0.6578746611111111 0.6181539135416667 0.6157784648148148
0 0.52537016875 0.6585640194444444 0.5620495140624999 0.46168158425925926 0.459041378125 0.4982633111111111 0.3546942552083333 0.41224152407407405 0.3223338765625 0.606000174074074 0.419583740625 0.7053423666666667 0.52537016875 0.6585640194444444
0 0.5595457869791667 0.46072416203703703 0.5981551484375001 0.2551137925925926 0.4955317510416667 0.27496058888888886 0.3871647671875 0.20799804444444445 0.35234789062500005 0.40921457037037035 0.4562891875 0.4932885231481482 0.5595457869791667 0.46072416203703703
0 0.2916088057291667 0.14821105462962963 0.262715359375 0.3351771 0.34911066354166664 0.4050791092592593 0.35254398645833335 0.4048165907407407 0.38711773072916666 0.20285207314814815 0.38251364895833334 0.20405259722222222 0.2916088057291667 0.14821105462962963
0 0.23333096822916666 0.5157432703703704 0.3160230380208333 0.5986954777777779 0.32369593750000003 0.5964606990740741 0.35432959635416666 0.41310440092592593 0.35234966666666667 0.4122494555555556 0.3521414098958333 0.40637247407407406 0.3481023791666667 0.40651553148148145 0.261706028125 0.33591385185185185 0.23333096822916666 0.5157432703703704
1 0.3930428375 0.13980499999999998 0.2920929208333333 0.1476053435185185 0.382201446875 0.20352488703703706 0.483983053125 0.19051765185185185 0.3930428375 0.13980499999999998
1 0.48944170416666666 0.19578814259259258 0.38705246041666663 0.20727564814814814 0.49456279114583335 0.2738368 0.5971732151041667 0.2549216851851852 0.48944170416666666 0.19578814259259258
1 0.5812239223958334 0.18245829537037037 0.4934175276041667 0.19446470462962964 0.6021252744791667 0.2551900907407407 0.6916919541666666 0.2388588851851852 0.5812239223958334 0.18245829537037037
6 0.4719583015625 0.17392281018518518 0.4573815291666667 0.17480690370370372 0.4849872244791667 0.19024652037037038 0.48446542291666667 0.19388035462962963 0.4921822885416667 0.19492346574074076 0.5057918921875 0.1917488787037037 0.4719583015625 0.17392281018518518
4 0.618688653125 0.6163688768518519 0.41987263645833334 0.706099312037037 0.3217986723958333 0.6070634796296296 0.3236462671875 0.596684775925926 0.3153687609375 0.6002021194444445 0.23227598437500002 0.5169041851851852 0.23829842239583332 0.4809598962962963 0.2023866625 0.4912118435185185 0.18809679427083334 0.5799389962962963 0.44887804635416667 0.8745217277777778 0.6767868135416666 0.7444696287037037 0.6960202479166667 0.6477018518518519 0.6232283864583333 0.5922755305555555 0.618688653125 0.6163688768518519