6 0.6924688338541666 0.5135528083333333 0.6470737932291667 0.48076925648148156 0.5528287416666667 0.5130937314814814 0.6003573328125 0.5439115666666666 0.6924688338541666 0.5135528083333333
6 0.6440233651041667 0.4798692490740741 0.593874209375 0.44350685 0.5016087734375 0.47909386111111113 0.5510440635416667 0.5117857879629629 0.6440233651041667 0.4798692490740741
5 0.6928252328125001 0.5127655481481481 0.6943396208333333 0.4792553574074074 0.6487177557291666 0.44506581481481483 0.6465842052083333 0.4470315314814815 0.6450861031249999 0.4802660620370371 0.6469361161458332 0.4804769759259259 0.6928252328125001 0.5127655481481481
5 0.6927530526041666 0.4774205555555555 0.6932616838541666 0.44419707592592594 0.6490059901041667 0.41069969351851854 0.6470699526041667 0.4106512564814815 0.6462014526041667 0.44503969259259263 0.6491408942708333 0.44451339166666665 0.6927530526041666 0.4774205555555555
5 0.6940721838541666 0.44360034444444446 0.6955544088541666 0.4103155768518519 0.6507255401041667 0.3750281509259259 0.6472848614583333 0.37584280740740744 0.6471868848958333 0.41032002037037035 0.6501157515625 0.4099638648148148 0.6940721838541666 0.44360034444444446
5 0.6949103536458333 0.4097253 0.69663055 0.377330012962963 0.6516447010416666 0.3397822092592593 0.6492175364583334 0.3398509953703704 0.6476903708333333 0.37554447037037036 0.6510652427083333 0.3742045305555556 0.6949103536458333 0.4097253
5 0.6494504166666667 0.33918747962962964 0.65207043125 0.33914161111111113 0.69638246875 0.3766116648148148 0.6977578166666666 0.3434879277777778 0.652503090625 0.30556490277777776 0.6499089625 0.30682063981481483 0.6488017901041666 0.33704426574074076 0.6494504166666667 0.33918747962962964
5 0.6442078796874999 0.4787839444444445 0.6459938114583333 0.4436368212962963 0.597207825 0.40807054074074073 0.5031410989583333 0.44511170185185184 0.5016290078125 0.47891084629629627 0.5958064317708334 0.443433787962963 0.6442078796874999 0.4787839444444445
5 0.6451014432291667 0.44250045185185183 0.6470594848958334 0.4077184481481481 0.5977003234375 0.37036212407407404 0.5043285609375 0.41024184722222223 0.5026342505208333 0.44384700185185183 0.5961174609375 0.40535918425925926 0.6451014432291667 0.44250045185185183
5 0.6462433192708333 0.40676305092592596 0.6475173838541667 0.3720753527777778 0.5990756 0.3339612657407407 0.5050096958333333 0.3741073509259259 0.5035533567708333 0.4086019851851852 0.5970871729166666 0.369257587962963 0.6462433192708333 0.40676305092592596
5 0.6471928104166668 0.37100371574074076 0.6487250671875 0.3368632351851852 0.6004604114583334 0.29739014166666666 0.5073778729166667 0.3405790222222222 0.5054652916666666 0.37295237592592595 0.5995109203125 0.33314947685185187 0.6471928104166668 0.37100371574074076
5 0.6485832880208334 0.3359847222222222 0.6498168572916666 0.30198247314814813 0.6013440958333334 0.26110552314814817 0.5083329755208333 0.30637274166666667 0.5071297911458333 0.33986067314814816 0.59945238125 0.2964128703703704 0.6485832880208334 0.3359847222222222
0 0.5002753588541666 0.30907486944444446 0.4030608953125 0.3557589296296296 0.39158906197916665 0.5384452935185186 0.4885744401041666 0.5046675601851852 0.5955493859375001 0.5708375407407408 0.5954607145833334 0.5411676453703703 0.5009584380208333 0.4802135972222222 0.507475884375 0.3157590064814815 0.5002753588541666 0.30907486944444446
1 0.49899197708333337 0.6005255333333334 0.5947918026041666 0.5704056722222223 0.4880353041666667 0.5052961611111112 0.392200309375 0.540928812037037 0.49899197708333337 0.6005255333333334
1 0.4882975911458333 0.6025824842592593 0.38076891510416666 0.5434195212962963 0.2973629890625 0.5733990231481482 0.4043335041666667 0.6281875361111111 0.4882975911458333 0.6025824842592593
0 0.39254844895833335 0.36007910370370366 0.3102897036458333 0.40053571944444444 0.2969523333333333 0.5721452898148148 0.38088480468749997 0.5427426685185186 0.4882863223958333 0.60171885 0.4889802109375 0.5949000953703704 0.39118610052083336 0.5406409018518518 0.40228861979166664 0.36584493055555556 0.39254844895833335 0.36007910370370366
4 0.7630545098958332 0.28615820833333333 0.56597455 0.09351735277777777 0.23682564114583335 0.29200488703703703 0.22928647291666668 0.37951475185185185 0.27803021510416664 0.40993937037037037 0.30797159218750003 0.427120675 0.3099136208333333 0.4009296064814815 0.3915030859375 0.3587325203703704 0.40194453750000003 0.36512122407407405 0.40228661875 0.35532608981481484 0.5000542802083333 0.30735011018518515 0.5076388828125 0.31397466574074073 0.5073571526041667 0.30537306666666664 0.6013185796875 0.2597476268518519 0.698096896875 0.34304698518518517 0.6959144552083333 0.40405290833333335 0.7598704453124999 0.38015539722222225 0.7630545098958332 0.28615820833333333