1 0.36985998177083335 0.7390254231481482 0.2826457276041667 0.7813105324074074 0.40352601666666665 0.8033527925925926 0.4909217609375 0.7641944092592593 0.36985998177083335 0.7390254231481482
1 0.4754034973958333 0.6909310814814814 0.37495283802083335 0.7364799583333334 0.49544531302083333 0.7646694157407408 0.5968412515625 0.7217108324074074 0.4754034973958333 0.6909310814814814
6 0.492654125 0.7847334703703704 0.445222521875 0.8061776212962963 0.5177675406250001 0.8193384962962963 0.5651569354166667 0.7984360953703703 0.492654125 0.7847334703703704
3 0.5964185213541667 0.6515862148148148 0.5979062020833333 0.7100436851851851 0.6148251916666666 0.715647675 0.692624278125 0.6831770592592593 0.5964185213541667 0.6515862148148148
2 0.59578744375 0.6081745398148147 0.5970611140625 0.6513825018518519 0.692845203125 0.6829899675925926 0.6915005197916667 0.6431937527777778 0.59578744375 0.6081745398148147
2 0.59370989375 0.5652751157407407 0.5949969229166666 0.6078589175925926 0.6921446046875 0.641736899074074 0.6901212161458333 0.6016135157407407 0.59370989375 0.5652751157407407
2 0.5919546364583332 0.521673225925926 0.5933272151041666 0.5641878666666666 0.690096328125 0.6003501037037037 0.6888444593749999 0.5595511972222222 0.5919546364583332 0.521673225925926
2 0.5894317625000001 0.4789450805555555 0.5905444645833333 0.5183670759259259 0.6880524786458333 0.5591614731481482 0.6860491541666666 0.5200300564814815 0.5894317625000001 0.4789450805555555
2 0.5883299755208333 0.4343893472222222 0.5888264656250001 0.4766566 0.6868339822916667 0.520056687037037 0.6857002796875 0.4795685712962963 0.5883299755208333 0.4343893472222222
2 0.58807696875 0.3931067712962963 0.5883788802083333 0.43243334907407405 0.6861475427083333 0.47952239166666666 0.6850585979166667 0.4413063824074074 0.58807696875 0.3931067712962963
2 0.5898130687500001 0.3503927490740741 0.5915966838541666 0.3897464 0.6877145187499999 0.43962510092592594 0.6865446671875 0.4029897111111111 0.5898130687500001 0.3503927490740741
5 0.5118169895833333 0.7582770972222223 0.49057076093749996 0.7677984175925926 0.4445097666666667 0.7870851351851852 0.44517916041666666 0.803285375925926 0.49090282447916667 0.7846553398148148 0.5650716374999999 0.7983585851851852 0.5640758682291668 0.7691516842592593 0.5118169895833333 0.7582770972222223
0 0.28443525052083335 0.5885888212962963 0.28376198229166666 0.7787329259259259 0.36951328906249997 0.7385423888888889 0.3734779661458333 0.7386602212962963 0.371877153125 0.5367036657407407 0.369459575 0.5346700564814815 0.28443525052083335 0.5885888212962963
0 0.3724742875 0.531826825 0.3742800578125 0.7356296361111111 0.47425933072916665 0.6899920648148148 0.597613271875 0.7211670518518518 0.5916556588541667 0.519306712037037 0.4722613572916667 0.4710368046296296 0.3724742875 0.531826825
0 0.3676590614583333 0.33384510185185184 0.37002359947916663 0.5322320712962963 0.4677839703125 0.46809467685185185 0.58941366875 0.5173626370370371 0.583333846875 0.3243684361111111 0.46505277135416667 0.25912115277777775 0.3676590614583333 0.33384510185185184
0 0.36902176822916666 0.5333889481481482 0.36744128229166667 0.3368496990740741 0.2820612151041667 0.40152056388888885 0.28206372552083336 0.5877236250000001 0.36902176822916666 0.5333889481481482
4 0.19711709375 0.2980733712962963 0.1964386 0.3943961175925926 0.2818725682291667 0.42519367314814815 0.28242379791666666 0.3998069074074074 0.46521432291666664 0.2585513018518519 0.5839985520833333 0.32374570648148143 0.584680875 0.3533599388888889 0.5910104692708333 0.3477882018518519 0.6875809520833334 0.40002033425925926 0.6879193473958334 0.4171986675925926 0.6908519421875 0.4202334685185185 0.7277680880208333 0.39833060648148144 0.7245552755208333 0.3106645055555556 0.40180557135416667 0.10776838240740741 0.19711709375 0.2980733712962963