3 0.3010628296875 0.5504767388888888 0.4051180307291667 0.5825295166666667 0.4798290890625 0.5338080000000001 0.37541973854166666 0.5065823101851852 0.3010628296875 0.5504767388888888
3 0.3792652677083333 0.5053440694444445 0.48394936875 0.5312009 0.54961215 0.48877667222222226 0.4464593484375 0.46615832777777777 0.3792652677083333 0.5053440694444445
3 0.45452403281250003 0.46178045092592596 0.5576674708333333 0.482369 0.6182409755208333 0.4450901842592593 0.514942246875 0.42545283796296296 0.45452403281250003 0.46178045092592596
3 0.6007702828125 0.532169612037037 0.5215060390625 0.5132792555555555 0.41177541874999996 0.5832382222222222 0.49161139791666664 0.6066449046296297 0.6007702828125 0.532169612037037
3 0.5264154802083333 0.5101970138888889 0.6071480234375 0.5299369333333334 0.6985928885416667 0.4663426814814815 0.6197461942708333 0.45119987777777776 0.5264154802083333 0.5101970138888889
2 0.6024270890625 0.5316944537037037 0.6036446015625 0.5721095546296296 0.607870890625 0.5733954787037037 0.6998523005208334 0.5060132092592593 0.6989222614583334 0.4670245601851852 0.6059451729166666 0.5318119740740741 0.6024270890625 0.5316944537037037
2 0.6032523359374999 0.5751722657407408 0.604967578125 0.6147903787037037 0.6093792739583334 0.6156740722222223 0.7001779760416666 0.5472080361111111 0.6989601354166666 0.5086396777777779 0.6075045145833333 0.5746367981481482 0.6032523359374999 0.5751722657407408
2 0.6047925338541666 0.6167136657407407 0.6063160385416667 0.6575516222222222 0.6111593000000001 0.6587287120370371 0.7016203171875 0.5860745870370371 0.6996269166666667 0.5484977962962962 0.6085501052083334 0.6175671787037037 0.6047925338541666 0.6167136657407407
2 0.6064015270833334 0.6609453046296296 0.6075368755208334 0.6998977370370371 0.6129253489583333 0.7015329351851852 0.7027084520833333 0.6260431398148147 0.7013371567708333 0.5865780425925926 0.6108033395833333 0.6597992962962963 0.6064015270833334 0.6609453046296296
2 0.6080293317708333 0.7031347138888889 0.609061765625 0.7421053009259259 0.6147584130208333 0.7436852027777778 0.7044808161458334 0.6670984768518519 0.7027183354166666 0.6280728435185186 0.6131714557291666 0.702227636111111 0.6080293317708333 0.7031347138888889
2 0.6019816708333334 0.576180250925926 0.6007655265624999 0.5339182240740741 0.49207381770833336 0.6079425148148148 0.4115270651041667 0.5828135953703704 0.4134112401041667 0.6258815898148149 0.4946417875 0.6531051620370371 0.6019816708333334 0.576180250925926
2 0.6037496791666667 0.6203455805555556 0.6022035177083332 0.5796189305555555 0.49358999739583337 0.6549218287037036 0.41342459843749996 0.6273246675925925 0.41622395052083333 0.6718931462962963 0.4953183484375 0.7004173481481482 0.6037496791666667 0.6203455805555556
2 0.4159616489583333 0.6735602814814815 0.41861326302083335 0.7154253861111111 0.49839645885416667 0.7473376231481481 0.6060886046875 0.6633324231481481 0.6034321671874999 0.6213244657407407 0.4955766833333334 0.7024032231481481 0.4159616489583333 0.6735602814814815
2 0.4188267546875 0.7173883787037038 0.42146224895833334 0.7590305064814814 0.5008853114583334 0.7919291481481482 0.6069840890625 0.7054354583333334 0.6057160380208334 0.6641054638888888 0.4979719838541667 0.7490426981481481 0.4188267546875 0.7173883787037038
2 0.4214148557291667 0.7600998472222222 0.4236037817708333 0.8029759787037037 0.5033954921875 0.8387648453703704 0.6094551197916667 0.7478456453703705 0.6073132588541666 0.7057469157407408 0.500277703125 0.7940677777777778 0.4214148557291667 0.7600998472222222
2 0.3004054125 0.5515725064814815 0.3041299171875 0.5902968268518519 0.40679026458333334 0.6230510314814816 0.40370637083333333 0.5817072898148148 0.3004054125 0.5515725064814815
2 0.3022207567708334 0.5937176351851852 0.30517600781250004 0.6313459083333333 0.4092902713541667 0.6693752962962963 0.40723074374999996 0.624124825 0.3022207567708334 0.5937176351851852
2 0.30455953124999996 0.6328366361111111 0.307398109375 0.6739418435185185 0.410995775 0.7138595888888889 0.4080660921875 0.6697302805555556 0.30455953124999996 0.6328366361111111
2 0.30601281562500005 0.6742879231481481 0.3103163239583333 0.713690212962963 0.41241102812499997 0.7573285018518519 0.40984305468750004 0.7141030555555555 0.30601281562500005 0.6742879231481481
2 0.30899935625 0.7151664046296297 0.31225470677083333 0.7539865481481481 0.41426825 0.8003461953703703 0.41193863802083336 0.7572158722222222 0.30899935625 0.7151664046296297
4 0.4765544453125 1 0.7434358885416666 0.7430513703703704 0.7403158239583333 0.6554209092592593 0.7038827729166666 0.6446471666666667 0.7052224947916667 0.666214599074074 0.6156537713541667 0.7445014592592593 0.6092921427083334 0.7429978018518518 0.6104097322916666 0.7467235805555555 0.5042915270833334 0.84054305 0.4231641947916666 0.805134425 0.4222682765625 0.7946499990740741 0.41382089375 0.8020832999999999 0.31218115208333336 0.7554617555555555 0.3110020380208333 0.7427905472222223 0.21622774635416667 0.8070047731481481 0.223526725 0.9011663 0.3850346921875 1 0.4765544453125 1