1 0.50202040625 0.25306585462962966 0.41162566197916667 0.2366652212962963 0.29242472239583334 0.2896544962962963 0.3815235484375 0.3094615712962963 0.50202040625 0.25306585462962966
0 0.38950939270833335 0.5138525333333334 0.4046268145833333 0.5057099777777778 0.4012619760416667 0.43900584814814814 0.5064602447916667 0.3798688462962963 0.5021666052083333 0.25329331388888887 0.3812744130208333 0.3104904435185185 0.29187585416666667 0.2899799351851852 0.301457903125 0.4822329212962963 0.38950939270833335 0.5138525333333334
0 0.40409269583333335 0.506535224074074 0.3894143375 0.5153582314814815 0.30232706406250004 0.48327224629629634 0.31208048385416665 0.6671519611111112 0.39871086666666666 0.7121162981481481 0.41016972552083336 0.70301685 0.40409269583333335 0.506535224074074
6 0.5049419890625 0.3047137398148148 0.50539128125 0.33886434814814814 0.5169366354166667 0.3421497462962963 0.5628658182291667 0.3183825435185185 0.5049419890625 0.3047137398148148
6 0.5417041864583333 0.27781272314814814 0.5041017666666667 0.2951659212962963 0.5042401786458334 0.2998563416666667 0.5741561859375001 0.3130271074074074 0.6152558791666666 0.29120052314814815 0.5417041864583333 0.27781272314814814
6 0.7002145260416667 0.3078928564814815 0.61987265625 0.29152305185185184 0.577989571875 0.31519913703703706 0.65848489375 0.3320421453703704 0.7002145260416667 0.3078928564814815
6 0.5279263510416666 0.3408042796296296 0.6097451026041667 0.35993546296296297 0.6541677671875 0.33242027870370366 0.5733470578125 0.31554465092592593 0.5279263510416666 0.3408042796296296
5 0.6547457244791667 0.33308059444444443 0.6096062098958334 0.35995559814814815 0.5280579645833333 0.34053747407407403 0.5288297473958333 0.37141812314814815 0.6108316140625 0.39201003796296296 0.6552610645833333 0.3647425222222222 0.6547457244791667 0.33308059444444443
5 0.7000896984375 0.3084073305555556 0.6577015026041667 0.33389164444444447 0.6553090963541667 0.33324664722222225 0.655802571875 0.36416764074074076 0.6583198333333333 0.3642990888888889 0.7002762442708333 0.3383809935185185 0.7000896984375 0.3084073305555556
5 0.7000422145833334 0.33990405462962964 0.6583635895833333 0.3657818796296296 0.6558235645833334 0.3664015462962963 0.6564865239583334 0.39679880925925926 0.6586157026041667 0.3979774175925926 0.7005284114583333 0.37057837962962964 0.7000422145833334 0.33990405462962964
5 0.6998552901041666 0.3714200657407407 0.657810446875 0.39908598425925923 0.6566635364583333 0.3980173398148148 0.6567532213541667 0.4294886111111111 0.6585603916666667 0.42922662314814813 0.7003342078125 0.40184772037037036 0.6998552901041666 0.3714200657407407
5 0.7006344333333333 0.40255015555555557 0.6592918822916667 0.4303629157407407 0.6568834437500001 0.43071485277777777 0.6578465734375 0.4618127027777778 0.6603487296875 0.46144996203703703 0.70098904375 0.43349220925925924 0.7006344333333333 0.40255015555555557
5 0.7011497734375 0.43421208333333333 0.6595658588541667 0.4632993861111111 0.6578451541666667 0.46330482500000003 0.6588009776041667 0.4941550824074074 0.6599277484375 0.4944881111111111 0.7017748635416667 0.4648662722222222 0.7011497734375 0.43421208333333333
5 0.7023528208333333 0.46552658888888887 0.6614862760416667 0.49525399722222224 0.6586899781250001 0.49508506574074074 0.658752946875 0.5256509574074074 0.661145353125 0.5262959555555555 0.7025466729166666 0.4957478453703704 0.7023528208333333 0.46552658888888887
5 0.7027511322916666 0.49794958518518523 0.6617451468750001 0.5276962805555555 0.6588275161458333 0.5281248194444444 0.6589832213541666 0.5571064861111111 0.6626339854166667 0.5578167842592593 0.7037429338541668 0.5268146814814815 0.7027511322916666 0.49794958518518523
5 0.7036472223958333 0.5283158351851852 0.6621361802083333 0.5598726074074074 0.65871135 0.5588873972222222 0.6589206052083333 0.5881080981481481 0.6633105765625 0.5901985101851852 0.7043680239583333 0.5574688703703704 0.7036472223958333 0.5283158351851852
5 0.6101949697916667 0.3940878435185185 0.5283246901041667 0.3732282 0.5281775161458333 0.37771229814814816 0.5966661557291667 0.3945618527777778 0.596977009375 0.4240211166666667 0.6109001848958333 0.42745724907407406 0.6558643833333334 0.3993681074074074 0.6550415932291667 0.3667589222222222 0.6101949697916667 0.3940878435185185
5 0.6557255718749999 0.39939101388888887 0.6124879375 0.4292135092592593 0.5971820708333334 0.4262255527777778 0.5990727968749999 0.4571917111111111 0.6130178364583333 0.4613687777777778 0.6563943635416667 0.4315261462962963 0.6557255718749999 0.39939101388888887
5 0.6565842645833333 0.4332345472222222 0.611268953125 0.4636059703703704 0.5985968562499999 0.4599884675925926 0.5993832234375 0.49136337962962967 0.6126259713541666 0.4953936046296296 0.6571146838541666 0.46538973981481485 0.6565842645833333 0.4332345472222222
5 0.6574362260416666 0.4668322583333333 0.6140669776041666 0.4969215592592593 0.5988854453125001 0.4934201268518518 0.5996863708333334 0.5252883777777778 0.614187503125 0.5293848268518518 0.6581934500000001 0.4972195666666666 0.6574362260416666 0.4668322583333333
5 0.6578272317708334 0.4990076611111111 0.6129796067708334 0.5310472138888889 0.5998762723958334 0.5269967787037036 0.6001138265625 0.5586989777777778 0.6137805598958334 0.5629163898148148 0.6586208781249999 0.5306292425925926 0.6578272317708334 0.4990076611111111
5 0.6578010921874999 0.5312453944444445 0.6138243161458333 0.5643991796296296 0.5998792765625001 0.5602221138888889 0.6001022453125 0.59143005 0.6142007630208333 0.5960812425925925 0.6584485666666667 0.5626404407407407 0.6578010921874999 0.5312453944444445
5 0.6579216177083332 0.563708662037037 0.6141055718749999 0.5975823212962963 0.5999692390625 0.5931899018518518 0.6003470786458334 0.6233789185185186 0.6150235265624999 0.6286895037037037 0.6594544328125 0.5919998768518518 0.6579216177083332 0.563708662037037
3 0.5958457505208333 0.3961838379629629 0.5174068093749999 0.3750605574074074 0.4027406223958333 0.44101266203703704 0.48306173229166666 0.4661681166666667 0.5958457505208333 0.3961838379629629
2 0.5965157994791667 0.39647730833333333 0.481571084375 0.46795035925925926 0.40187403125 0.4415298287037037 0.40383250468750004 0.48548477129629625 0.4833560526041667 0.5134965972222222 0.5975616901041667 0.4393908703703704 0.5965157994791667 0.39647730833333333
2 0.5976767104166666 0.4432886222222222 0.48165790572916667 0.5157004564814816 0.404109525 0.4874013611111111 0.405605940625 0.5306402175925926 0.48389290625000003 0.561572987962963 0.598688059375 0.48503165833333334 0.5976767104166666 0.4432886222222222
2 0.5985145546874999 0.48662295277777773 0.4841699265625 0.5634895777777779 0.4061025125 0.5325259064814815 0.40766795677083334 0.5781039685185185 0.48507679895833333 0.6091631138888889 0.5997799416666666 0.5295037675925925 0.5985145546874999 0.48662295277777773
2 0.5982662843750001 0.530506275 0.48513432291666664 0.6111124509259259 0.40702089010416664 0.5785893101851851 0.40874833437499997 0.6221862092592593 0.4862607197916667 0.656754162962963 0.5997396901041667 0.5729653962962963 0.5982662843750001 0.530506275
2 0.5991156328125 0.5742304731481481 0.48589119375 0.6591560185185186 0.4083207916666666 0.6226397268518519 0.4102217411458334 0.6646453314814815 0.48760661302083336 0.702363125925926 0.60034650625 0.6159416833333334 0.5991156328125 0.5742304731481481
2 0.5995374390625 0.618408187962963 0.48746814270833333 0.7051239481481482 0.40942417864583336 0.6675017027777778 0.4110940989583333 0.7091492648148149 0.48809796770833336 0.7488799712962964 0.6007453026041667 0.6593396638888889 0.5995374390625 0.618408187962963
4 0.6606981015625001 0.5913018629629629 0.6164512729166667 0.6307241083333334 0.6006013203124999 0.6242049231481481 0.6016376213541667 0.6593225685185184 0.4888750078125 0.7507277833333333 0.4101402484375 0.710143912962963 0.4093201416666667 0.7039332916666667 0.3987854510416666 0.7135992583333333 0.31191100156249996 0.6685431953703704 0.3103931739583333 0.6429905546296296 0.23712993958333334 0.6893907055555556 0.24259514114583333 0.7840031611111111 0.45498297239583335 0.9229214138888889 0.7636622052083334 0.6430687472222222 0.7624190494791667 0.5534955018518518 0.7048548442708333 0.5353897361111111 0.7062863041666667 0.5580155981481482 0.6644336125 0.5927950074074074 0.6606981015625001 0.5913018629629629