3 0.2768445739583333 0.2834727185185185 0.3349679057291667 0.3367853277777778 0.3989243651041667 0.333084962037037 0.40372971041666667 0.28666515925925923 0.3971298161458333 0.28106335462962967 0.2768445739583333 0.2834727185185185
2 0.398355521875 0.3333646324074074 0.3351528421875 0.33875230925925925 0.274967796875 0.2837787666666667 0.26863904791666665 0.3253904907407408 0.32776247135416664 0.38047514537037036 0.3910281796875 0.3808202 0.398355521875 0.3333646324074074
2 0.3899186807291667 0.3819282333333333 0.3271180739583333 0.3814163092592593 0.2680512489583334 0.3272979851851852 0.2613006734375 0.3684309777777778 0.31961267187500003 0.42533848333333335 0.38332424010416666 0.42133499537037034 0.3899186807291667 0.3819282333333333
2 0.3137334854166667 0.4703282342592593 0.3480941166666666 0.46791783333333337 0.3533118921875 0.44226737592592597 0.38073276562499997 0.4397567361111111 0.383726678125 0.4222361333333333 0.31914495885416666 0.42644745648148147 0.2623108083333333 0.36903206481481476 0.2558978947916667 0.41307647685185184 0.3137334854166667 0.4703282342592593
2 0.34898115885416664 0.46923926944444444 0.31357750572916665 0.4720535537037037 0.25620978333333333 0.4136919129629629 0.2501165265625 0.45505006574074075 0.3067212265625 0.515436337962963 0.3426995338541667 0.5133278833333332 0.34898115885416664 0.46923926944444444
2 0.34237133802083336 0.5152485111111111 0.3063435640625 0.5168308425925926 0.2498537609375 0.45495967129629633 0.24409658489583333 0.4951635685185185 0.3002826953125 0.5571838546296296 0.33631004114583335 0.5515352787037037 0.34237133802083336 0.5152485111111111
2 0.3359900411458333 0.5542204555555555 0.29906745677083335 0.5577830462962964 0.24253672708333335 0.4961513842592592 0.23731377708333332 0.5373007916666667 0.2919975359375 0.6016004768518519 0.32974934375 0.5980695601851852 0.3359900411458333 0.5542204555555555
2 0.2833250921875 0.6425804657407407 0.3343226744791667 0.6331869361111111 0.33515966614583337 0.6299169148148148 0.32646924427083335 0.621336787037037 0.32937202447916664 0.5994651472222222 0.28849857552083336 0.6009049351851853 0.2343321515625 0.5360214888888889 0.22862459791666667 0.576750599074074 0.2833250921875 0.6425804657407407
6 0.546808221875 0.3080971388888889 0.49861647291666666 0.2718727240740741 0.40894412708333333 0.2703211194444444 0.45437604479166666 0.309785637962963 0.546808221875 0.3080971388888889
5 0.5469889088541666 0.3106141898148148 0.45396498541666663 0.3107607907407407 0.40751109479166664 0.27223192962962967 0.4023094338541667 0.30839402407407407 0.4481138875 0.3471459027777778 0.5402291104166667 0.3444545398148148 0.5469889088541666 0.3106141898148148
5 0.5415807494791667 0.34512393333333335 0.45085115364583334 0.3482919685185185 0.40346714739583334 0.312345425 0.39762324531250004 0.34583072407407406 0.44430799010416666 0.38443900185185187 0.5360757005208333 0.3780566361111111 0.5415807494791667 0.34512393333333335
5 0.5351606260416666 0.3798341861111111 0.44345794114583337 0.3851223611111111 0.39742197916666666 0.34629180555555555 0.3916287270833333 0.3809110898148148 0.43737583333333335 0.4214289675925926 0.529626653125 0.4136498037037037 0.5351606260416666 0.3798341861111111
5 0.52884079375 0.4153879194444444 0.43705920625 0.42399863518518516 0.39099399375000005 0.3824784611111111 0.385582878125 0.4170055074074074 0.4333792515625 0.4591212212962963 0.5231916432291667 0.44916391388888893 0.52884079375 0.4153879194444444
5 0.5221241234374999 0.449689537037037 0.4321674744791667 0.4604910472222222 0.3851865213541667 0.419325012962963 0.37983275364583335 0.4520860601851852 0.42568883854166667 0.49554371759259264 0.5181193802083334 0.483138362962963 0.5221241234374999 0.449689537037037
2 0.5453501130208332 0.49112915185185185 0.4206842286458333 0.5105271083333334 0.35315494375 0.44443397222222225 0.34636083333333334 0.48920154444444447 0.4132766286458333 0.5553073314814815 0.5385053526041667 0.534762737962963 0.5453501130208332 0.49112915185185185
3 0.5451913088541667 0.49062808888888887 0.5197241130208333 0.46802576296296294 0.5165311932291666 0.4845638287037037 0.42513272291666665 0.49665409722222226 0.3791101552083333 0.4520235722222222 0.3808970291666667 0.44013625740740736 0.3548070302083334 0.4447786111111111 0.4206695255208333 0.5091827546296296 0.5451913088541667 0.49062808888888887
2 0.5381500036458333 0.5354118657407407 0.41304398177083335 0.5566688000000001 0.3465539479166667 0.49093221388888886 0.33949238125000003 0.535831475925926 0.405600434375 0.6016593898148148 0.5308856796875 0.5757760944444444 0.5381500036458333 0.5354118657407407
2 0.5301174802083334 0.578841262037037 0.40512043697916666 0.603037975 0.3395177192708333 0.5378303333333333 0.3332271380208333 0.5760736842592593 0.3981168723958334 0.6461704981481482 0.5230047802083333 0.6190349175925927 0.5301174802083334 0.578841262037037
2 0.5226239640625 0.6205498277777778 0.39782231145833336 0.6486079462962963 0.33330153697916665 0.5773807203703704 0.3270350932291667 0.6208892777777778 0.39134876614583336 0.6943603388888889 0.515536259375 0.6627412583333333 0.5226239640625 0.6205498277777778
2 0.5226741161458334 0.6603043342592593 0.3908551765625 0.6951017222222222 0.3352644875 0.6306597453703704 0.3303288026041667 0.6631181861111111 0.3949814833333333 0.7360357407407407 0.5162464578125 0.7000635222222222 0.5226741161458334 0.6603043342592593
1 0.6045141104166666 0.2527822435185185 0.5247531213541666 0.2003404611111111 0.4199031630208333 0.1950785074074074 0.4998517083333333 0.2507107990740741 0.6045141104166666 0.2527822435185185
1 0.6970339734375001 0.31403705 0.6073823479166667 0.25439761944444444 0.503035796875 0.25448475370370366 0.5916773317708334 0.317084925 0.6970339734375001 0.31403705
0 0.5011647369791666 0.2537996268518518 0.4987870822916667 0.2712882833333334 0.5480687333333333 0.3090032351851852 0.5208397510416667 0.46691887777777774 0.5470862645833333 0.490682162037037 0.5442251734375 0.5059950861111111 0.555710065625 0.51173175 0.6625669734374999 0.4971453601851851 0.6973331869791667 0.3151437314814815 0.5892772421875 0.3181549138888889 0.5011647369791666 0.2537996268518518
0 0.5253366432291666 0.6601577092592592 0.51877158125 0.6978602027777778 0.5239082161458334 0.7014129925925926 0.6301709171875001 0.6709951462962963 0.6622145817708333 0.4977771851851852 0.55512681875 0.5122841592592593 0.5438121880208333 0.509125562962963 0.5186196453125 0.6522661037037037 0.5253366432291666 0.6601577092592592
0 0.4975670880208333 0.27087726851851857 0.5005069270833333 0.2522427148148148 0.4195339890625 0.19759731574074074 0.4070747010416667 0.27122365277777777 0.4975670880208333 0.27087726851851857
4 0.23095805572916667 0.5537372092592593 0.18372401041666667 0.5622655972222222 0.16875015989583333 0.6618002712962963 0.34200792708333333 0.8940698685185186 0.6839045947916667 0.7645289148148149 0.7004814088541667 0.67545685 0.6388807619791667 0.6271671953703704 0.6283209927083334 0.6730903731481481 0.521445021875 0.7032230037037037 0.51800154375 0.6995613361111112 0.5141194171875 0.704419961111111 0.3924134973958333 0.7399820787037037 0.32947215156250004 0.6638185583333334 0.3332898630208333 0.6335403351851852 0.2813127828125 0.6460121574074074 0.22631895833333332 0.5769187555555556 0.23095805572916667 0.5537372092592593