1 0.7246373958333333 0.5714553759259259 0.6377956140625 0.5720766388888888 0.5237093203125 0.6519036620370371 0.6116177541666666 0.6475157907407407 0.7246373958333333 0.5714553759259259
1 0.6031680770833333 0.6519760407407408 0.5148670677083333 0.6576892509259259 0.4182508203125 0.7249278694444444 0.5043291723958333 0.7173819259259259 0.6031680770833333 0.6519760407407408
1 0.5855584328125 0.6029936518518519 0.4620792453125 0.6069012462962963 0.3733378265625 0.6742095351851852 0.49469801458333335 0.6677189324074074 0.5855584328125 0.6029936518518519
1 0.4860444807291667 0.6715797768518519 0.3643196265625 0.6814342370370371 0.28549408072916665 0.7417306648148149 0.407938503125 0.7279687907407407 0.4860444807291667 0.6715797768518519
0 0.3592630026041667 0.47832171018518516 0.3723897895833333 0.6746501333333333 0.4638266578125 0.6050690824074074 0.5861577677083333 0.6026087527777778 0.5684021682291667 0.40982694166666667 0.44843570156249996 0.3984951074074074 0.3592630026041667 0.47832171018518516
0 0.43146472916666667 0.19830310925925926 0.34486855156249996 0.29171784351851854 0.35945189895833335 0.4766265416666667 0.4467226630208333 0.3964142046296296 0.5681893458333334 0.40899469074074074 0.5629566729166666 0.3576466898148148 0.489545846875 0.3478138138888889 0.4771553088541667 0.20808973703703704 0.43146472916666667 0.19830310925925926
0 0.3720573765625 0.6797153240740741 0.35788387083333334 0.4855085407407408 0.3499031255208333 0.486851737962963 0.2755959833333333 0.5567138472222222 0.286160140625 0.741951575 0.36355713854166666 0.6808173629629629 0.3720573765625 0.6797153240740741
0 0.3588519854166667 0.4837444203703704 0.3449295197916667 0.30143186574074077 0.3346862104166667 0.3036230212962963 0.26299382708333335 0.38211644814814816 0.2739993046875 0.5580574148148147 0.3502700515625 0.4838891416666667 0.3588519854166667 0.4837444203703704
6 0.6319009692708334 0.31170522777777776 0.5459126354166667 0.2951170833333333 0.49092351354166663 0.34621207962962963 0.5772283026041667 0.36042830833333334 0.6319009692708334 0.31170522777777776
5 0.6322644177083333 0.3104611037037037 0.6283402333333333 0.27660424166666664 0.5425999265625 0.2592201518518519 0.4877105291666667 0.31268012314814814 0.4910094911458333 0.3459952055555556 0.5468105645833333 0.2945949703703704 0.6322644177083333 0.3104611037037037
5 0.6276261432291667 0.27440109166666665 0.624037809375 0.24137911296296294 0.5385639453125 0.22223142592592593 0.483978865625 0.2755773453703704 0.4869649213541667 0.31011854629629626 0.5419786083333332 0.2580901462962963 0.6276261432291667 0.27440109166666665
5 0.6241195041666666 0.23990127407407405 0.6213127916666666 0.20621705648148148 0.5351455916666666 0.18511245555555556 0.48077713854166665 0.24096418981481482 0.4841930020833333 0.27442011203703703 0.53818490625 0.22148115277777777 0.6241195041666666 0.23990127407407405
5 0.620725825 0.20424839814814813 0.6168969651041666 0.17332054907407407 0.5316918520833334 0.15000698703703702 0.4781417875 0.20684550833333332 0.4810040682291667 0.23995494537037038 0.5353811890625 0.18299205092592594 0.620725825 0.20424839814814813
5 0.6168478828125 0.17223009537037037 0.6138222359375 0.13844233981481482 0.5276813963541667 0.11400225185185185 0.47431695468749996 0.17298796574074074 0.477772925 0.20569025 0.5318611895833334 0.1490202638888889 0.6168478828125 0.17223009537037037
0 0.7252810749999999 0.5703658657407408 0.7041820567708333 0.3888354768518519 0.6165321953125 0.3784489601851852 0.5693714098958333 0.41829605 0.5872432385416667 0.6068510453703704 0.6380693416666666 0.570618687962963 0.7252810749999999 0.5703658657407408
0 0.6330207317708333 0.31346014537037037 0.6125687244791667 0.3301786666666667 0.5765353489583334 0.36179029907407406 0.565041840625 0.35852239537037034 0.5696940494791666 0.41718251111111115 0.6173311083333334 0.37678761944444444 0.7035969369791667 0.3867836416666667 0.6844302416666667 0.21247190462962964 0.6200735765625001 0.19520307592592592 0.6330207317708333 0.31346014537037037
4 0.4998603354166667 0 0.23439585885416667 0.3199183925925926 0.24214212083333334 0.40127088703703706 0.26248236770833333 0.4055939518518519 0.26384014427083335 0.3795337666666667 0.3371653145833333 0.29949952500000004 0.34501381197916664 0.30109095925925927 0.3450820052083333 0.2907248962962963 0.4309024515625 0.19701975185185183 0.4759393953125 0.20664923703703703 0.47327078958333335 0.1719122037037037 0.5285537354166666 0.11105645 0.6157548125000001 0.1378727111111111 0.6204389536458332 0.19463309907407406 0.6871788901041668 0.21200135185185184 0.757141509375 0.14789823796296298 0.7461945661458333 0.05014055925925926 0.6107810458333333 0 0.4998603354166667 0