1 0.7736659802083333 0.6912458009259259 0.6692262906249999 0.6371626074074074 0.5626431203125001 0.6566633657407407 0.6677751020833332 0.7064457657407407 0.7736659802083333 0.6912458009259259
1 0.6568837750000001 0.7074583212962963 0.554847409375 0.6583656861111111 0.46004170364583336 0.6753255935185185 0.5639875541666667 0.7216532740740741 0.6568837750000001 0.7074583212962963
1 0.6557092140624999 0.6328806203703704 0.5548485604166667 0.5784524046296297 0.4284153822916667 0.6084767435185185 0.5312176286458333 0.6582212722222222 0.6557092140624999 0.6328806203703704
1 0.519719171875 0.6583290074074074 0.4190385078125 0.6099663453703703 0.31289217708333333 0.6350186824074073 0.41455338697916666 0.6785689268518518 0.519719171875 0.6583290074074074
0 0.4326084453125 0.40280114351851853 0.4265858369791667 0.6082316805555555 0.5568855546875 0.5792745592592593 0.6585441963541666 0.6324359342592593 0.6588674442708334 0.42404568425925926 0.5603132895833334 0.3553721111111111 0.4326084453125 0.40280114351851853
0 0.6603044984374999 0.4311031138888889 0.6586132666666666 0.6376631342592592 0.669709171875 0.6361286749999999 0.7738342776041667 0.6904448472222222 0.7723416223958334 0.4980126611111111 0.6716882364583333 0.4285095231481481 0.6603044984374999 0.4311031138888889
0 0.6614403427083333 0.2324331824074074 0.6610009640625001 0.4290001037037037 0.6714590385416667 0.4260064796296296 0.7729792604166666 0.49700038425925924 0.7718296536458333 0.31202932222222224 0.6717656546874999 0.22804989907407408 0.6614403427083333 0.2324331824074074
0 0.6606398718750001 0.4226351759259259 0.6610051390625 0.2211154962962963 0.5636911416666667 0.1399758425925926 0.44079940052083333 0.206449025 0.4352713963541667 0.4001371148148148 0.5604781927083333 0.35347209074074076 0.6606398718750001 0.4226351759259259
0 0.4252519432291667 0.6105383212962963 0.4313350083333333 0.41041256574074075 0.4254453796875 0.40516344722222225 0.31855478072916665 0.4448371351851852 0.311838359375 0.6350183268518519 0.4199669697916667 0.6088911287037038 0.4252519432291667 0.6105383212962963
0 0.4320514729166666 0.4072219583333333 0.4392303 0.21311212685185185 0.43200798749999997 0.2081541425925926 0.32817535625 0.2637301009259259 0.32189034479166667 0.4438749935185185 0.426247865625 0.4048012953703704 0.4320514729166666 0.4072219583333333
4 0.2731340161458334 0.29180303055555556 0.3257233817708334 0.32396525092592593 0.3275051578125 0.2641099722222222 0.5649705442708334 0.13798704074074075 0.6633594875 0.21851202592592592 0.6627061177083333 0.22964870185185185 0.6724021447916667 0.22637515 0.7719366057291667 0.308715387962963 0.7720552932291667 0.31579909166666664 0.8037589880208333 0.3042482805555556 0.8044113083333334 0.2074743101851852 0.5977535140625 0.011428378703703704 0.2768323692708333 0.20427043240740742 0.2731340161458334 0.29180303055555556