1 0.568398765625 0.7132236388888888 0.45654865572916664 0.7875682074074074 0.5528524161458334 0.7915465287037038 0.6649100989583334 0.720235113888889 0.568398765625 0.7132236388888888
1 0.6759798385416667 0.7222123203703704 0.5633492791666667 0.7905963333333332 0.6453267015624999 0.7952499805555555 0.7579042666666667 0.7279117546296295 0.6759798385416667 0.7222123203703704
0 0.4322562697916667 0.5932172703703704 0.45650529218749997 0.7872368018518519 0.5680863369791667 0.7122826861111111 0.6652851536458333 0.7187530888888889 0.6374231140625 0.5261129592592593 0.5404590494791666 0.5054899361111111 0.4322562697916667 0.5932172703703704
0 0.6093069854166667 0.3373261166666667 0.5121682604166666 0.3023231287037037 0.4715681328125 0.34282881666666665 0.488163275 0.48270205925925924 0.42450603124999997 0.539785362962963 0.4309861588541667 0.592207212962963 0.5391548192708334 0.5027723462962963 0.636109759375 0.5247724157407407 0.6093069854166667 0.3373261166666667
0 0.6107464119791667 0.34687611296296295 0.638448140625 0.529598337962963 0.6467708322916667 0.5265239694444445 0.7299232145833333 0.5459564009259259 0.702668990625 0.37100661574074073 0.6189481369791667 0.34143048240740737 0.6107464119791667 0.34687611296296295
0 0.6387610760416667 0.5305391472222222 0.666647096875 0.7262641453703703 0.6747964552083333 0.7218650740740741 0.7579475098958334 0.7282422425925926 0.7295144276041667 0.5457298287037037 0.6466311104166667 0.5269069453703703 0.6387610760416667 0.5305391472222222
6 0.42693494583333336 0.4682421333333333 0.3531805572916667 0.538260313888889 0.4126393244791667 0.5503285453703703 0.4870425338541667 0.48260448796296296 0.42693494583333336 0.4682421333333333
5 0.34887695937499996 0.503690262962963 0.3529645041666667 0.5392776333333333 0.427030796875 0.46752789722222227 0.48732135052083336 0.48183776296296293 0.4835034984375 0.446860712962963 0.42326581927083334 0.4315041435185185 0.34887695937499996 0.503690262962963
5 0.345563990625 0.4696742 0.34958368333333334 0.5018454407407407 0.42260619375 0.42936456481481483 0.48374894791666667 0.4458349601851852 0.47925222916666665 0.4100220814814815 0.41919700833333334 0.39461316759259263 0.345563990625 0.4696742
5 0.34112077343749997 0.43281538888888893 0.3458524380208334 0.4675302824074074 0.4187979729166667 0.3930103222222222 0.478756715625 0.4091327 0.4743038677083333 0.3736510805555555 0.41493625 0.35770201296296295 0.34112077343749997 0.43281538888888893
5 0.3370668416666666 0.3989356972222222 0.34154831614583336 0.4302877231481481 0.41503248802083337 0.3569867138888889 0.47431299166666663 0.37227403425925926 0.4714238083333333 0.34149674444444444 0.40948274270833335 0.3218188222222222 0.3370668416666666 0.3989356972222222
5 0.33347481093750003 0.36423770833333335 0.3379904041666667 0.3972972675925926 0.41072836562500004 0.31974415370370374 0.47061535885416667 0.33966655462962964 0.4666054171875 0.30611904166666665 0.4060924333333333 0.2843141064814815 0.33347481093750003 0.36423770833333335
3 0.3931810734375 0.6813819148148148 0.4381302911458333 0.6451262648148148 0.4364593104166667 0.6294582453703703 0.3313801276041667 0.6149427444444444 0.2719462885416667 0.6680655712962963 0.3931810734375 0.6813819148148148
2 0.26685309947916663 0.6262393555555555 0.2718163182291667 0.667072274074074 0.33042244583333336 0.6148736407407408 0.436060275 0.6278554000000001 0.43067813072916666 0.5881732472222223 0.32506880833333335 0.5710609768518519 0.26685309947916663 0.6262393555555555
2 0.325574340625 0.5705721037037037 0.4301297432291667 0.5883305712962963 0.42473274270833333 0.5441865009259259 0.4204511171875 0.5433536564814815 0.41350975156249997 0.5511856175925927 0.3530077260416667 0.5410587527777777 0.35021158229166666 0.5298368092592592 0.32027369843750003 0.5257136537037037 0.2608644671875 0.5819221231481482 0.265279684375 0.6229113 0.325574340625 0.5705721037037037
2 0.256502125 0.5398862407407408 0.26070076458333336 0.5792202296296297 0.3206921166666667 0.5245630333333334 0.3512558708333334 0.5305678046296296 0.34682567708333334 0.48511579259259263 0.3153384791666667 0.4807503694444445 0.256502125 0.5398862407407408
2 0.25109600052083336 0.4971192194444445 0.2556504322916667 0.5377255648148148 0.3145637625 0.48062877685185185 0.3471916078125 0.48501081481481484 0.34171763125 0.43882766203703705 0.3097682651041667 0.4352825166666667 0.25109600052083336 0.4971192194444445
2 0.2462718765625 0.45590255185185186 0.25137481666666667 0.4963524935185185 0.30804612395833336 0.43371540185185187 0.3413083375 0.4386012361111111 0.3367351505208333 0.4007491268518518 0.3034915723958333 0.393108137037037 0.2462718765625 0.45590255185185186
4 0.6198659026041666 0.3387631314814815 0.7031010322916666 0.370538825 0.7061002239583334 0.39200930462962963 0.7267369510416667 0.3757822111111111 0.7144813770833333 0.287914325 0.3752276296875 0.14346356944444444 0.19586950677083334 0.37047169907407407 0.20571105104166668 0.46452984166666667 0.24771652864583332 0.47129165648148147 0.24617563854166666 0.4566178518518519 0.303727025 0.3920100064814815 0.336003796875 0.40095893981481484 0.33685989479166667 0.39590331666666667 0.33284944687499995 0.36235594722222225 0.40601545729166666 0.2822750222222222 0.46784179531250003 0.30542050092592593 0.4716596479166667 0.3403975509259259 0.5117451192708333 0.3017577824074074 0.6091181026041668 0.3363487685185185 0.6105478979166666 0.34727595555555557 0.6198659026041666 0.3387631314814815