6 0.36589844322916665 0.4816353324074074 0.4170481296875 0.4782448907407408 0.33361819791666664 0.3970708592592592 0.28411956666666666 0.4034597712962963 0.36589844322916665 0.4816353324074074
6 0.4189978125 0.47797576759259264 0.47232230156250005 0.4738493268518518 0.3914039546875 0.39067240555555555 0.33669342395833335 0.3978672935185185 0.4189978125 0.47797576759259264
5 0.3338054640625 0.39687005833333333 0.33560601093750003 0.39766815 0.34058187864583334 0.3655960388888889 0.3389308234375 0.3625975703703703 0.2889456177083333 0.3701869787037037 0.2839321505208333 0.4025271861111111 0.3338054640625 0.39687005833333333
5 0.3386346880208333 0.36184995833333333 0.34132962395833333 0.36392840092592593 0.347126678125 0.33110989537037033 0.3452755895833333 0.33011261759259264 0.29672333802083334 0.3377867685185185 0.2908083114583333 0.36931550462962964 0.3386346880208333 0.36184995833333333
5 0.34436159010416667 0.32882262037037036 0.34707923593749995 0.3307353009259259 0.35362639114583333 0.29824832314814814 0.35051016458333334 0.2956286222222222 0.301067884375 0.3046780037037037 0.2960672375 0.3367888212962963 0.34436159010416667 0.32882262037037036
5 0.35034563489583337 0.2946708259259259 0.35329808854166667 0.29774923703703704 0.35871990416666666 0.2633482351851852 0.35642418229166667 0.26197613703703704 0.3063972145833333 0.27306739537037034 0.3017942651041666 0.304469625 0.35034563489583337 0.2946708259259259
5 0.311842875 0.24062348333333333 0.30677156979166664 0.27252524351851853 0.3561425635416667 0.2611441787037037 0.35862615885416665 0.26259859722222223 0.3596559859375 0.26093176574074073 0.36442384166666664 0.23190271666666668 0.36219789479166664 0.2293240675925926 0.311842875 0.24062348333333333
5 0.3895798958333333 0.3895628824074074 0.4723383010416667 0.4736662583333333 0.47740960677083333 0.4410554574074074 0.3950577567708333 0.3555402888888889 0.34179734791666666 0.3627205037037037 0.3367269260416667 0.396746912962963 0.3895798958333333 0.3895628824074074
5 0.39661723541666666 0.35357692129629625 0.47813535625000003 0.440138712037037 0.48299595260416667 0.40761225277777774 0.40185193593749996 0.3198010675925926 0.3477014989583333 0.3283565138888889 0.34286512812500003 0.36213214537037036 0.39661723541666666 0.35357692129629625
5 0.40264796354166665 0.3190922555555556 0.4840492473958333 0.40648712592592595 0.4893075421875 0.37325207685185186 0.4075544875 0.28481641574074074 0.35413080885416665 0.29457886666666666 0.3486619317708334 0.3278973564814815 0.40264796354166665 0.3190922555555556
5 0.4072967171875 0.28381824537037037 0.48909658229166664 0.3719201361111111 0.49351229062499996 0.34043491296296297 0.4132807609375 0.24966645185185185 0.35976383958333336 0.2608027898148148 0.3546459755208333 0.29374556296296295 0.4072967171875 0.28381824537037037
5 0.4144279276041667 0.24929006481481483 0.4938866463541667 0.33989275925925927 0.49919187604166665 0.3077411222222222 0.419428578125 0.21505594722222224 0.36544329999999997 0.22740085648148148 0.36006791718750003 0.26005270277777776 0.4144279276041667 0.24929006481481483
0 0.4981994213541666 0.31703285833333333 0.4727253052083333 0.47525301388888885 0.37108509791666666 0.48169156574074073 0.3652862802083333 0.5095555555555557 0.4797963807291667 0.5049285425925926 0.5655532963541667 0.5889457907407407 0.5898257510416667 0.41090554166666665 0.5063366833333334 0.3146233564814815 0.4981994213541666 0.31703285833333333
1 0.5644934843749999 0.5909528962962962 0.48018819375 0.505810299074074 0.3660901510416667 0.5095573509259259 0.45142375729166667 0.5894948842592593 0.5644934843749999 0.5909528962962962
1 0.5361449760416667 0.6665054166666666 0.648458775 0.6725830537037036 0.5748884984375 0.5994535231481481 0.46120119375 0.5971904666666666 0.5361449760416667 0.6665054166666666
0 0.5886178416666666 0.4208098648148148 0.5655137567708334 0.5912283490740741 0.4620314546875 0.5895956185185186 0.46137825156249995 0.5963840796296296 0.5749086156250001 0.5987543546296297 0.6490909036458333 0.6716248101851852 0.6694552609375 0.5030001120370371 0.598994209375 0.42063223518518517 0.5886178416666666 0.4208098648148148
4 0.5906456885416667 0.4109154138888889 0.5890845546875 0.42031438240740737 0.6002480208333334 0.41992853055555557 0.6697371666666666 0.5035732342592593 0.6665401890625 0.529258375925926 0.6983326770833334 0.5292230731481482 0.7505626072916667 0.526857087037037 0.7602450921875 0.4404718083333334 0.48535348020833335 0.07645028333333333 0.26076767083333335 0.15151894074074074 0.24569269114583334 0.24166125185185183 0.30193157083333333 0.2985925018518518 0.31160523333333334 0.24002602407407408 0.419714384375 0.21379226018518518 0.5003127182291667 0.3073263101851852 0.4983880276041667 0.31526645185185187 0.5068791869791667 0.3131198851851852 0.5906456885416667 0.4109154138888889