1 0.7055630208333333 0.6115521842592593 0.620428125 0.5923698148148149 0.5018921875 0.6461910435185185 0.5883911458333333 0.6618495361111111 0.7055630208333333 0.6115521842592593
1 0.5797348958333333 0.6643834981481481 0.4927390625 0.649961 0.39238541666666665 0.6951760453703704 0.4773588541666667 0.7072586972222222 0.5797348958333333 0.6643834981481481
1 0.5666307291666667 0.6113786759259259 0.44532239583333333 0.5871281574074073 0.352678125 0.6342086879629629 0.4721291666666667 0.6553926231481482 0.5666307291666667 0.6113786759259259
1 0.46332395833333334 0.6572806083333333 0.3432307291666667 0.6393778296296296 0.2608953125 0.6817067962962963 0.38202447916666665 0.6958657231481482 0.46332395833333334 0.6572806083333333
0 0.3554796875 0.43508453611111114 0.3517119791666667 0.6344331527777778 0.44718958333333336 0.5856942305555555 0.5672505208333334 0.6111304000000001 0.5661828124999999 0.41427330740740737 0.44960677083333334 0.3755823407407407 0.3554796875 0.43508453611111114
0 0.44993541666666664 0.17149298148148148 0.3571817708333333 0.24517271666666668 0.35580833333333334 0.43343221388888886 0.4481046875 0.3731105064814815 0.5660447916666667 0.4133924101851852 0.5652671875 0.36084414444444446 0.49417656249999997 0.33426905925925926 0.49387135416666667 0.19170038703703704 0.44993541666666664 0.17149298148148148
0 0.35095729166666667 0.6394232277777778 0.3535197916666667 0.4419578425925926 0.3455869791666667 0.44148126388888886 0.26686822916666664 0.49440760740740736 0.2615291666666667 0.6820796268518519 0.3425359375 0.6385869907407408 0.35095729166666667 0.6394232277777778
0 0.35461770833333334 0.44041425462962963 0.35641874999999995 0.2549019638888889 0.3461973958333333 0.2547574962962963 0.26930937499999996 0.3169126101851852 0.26519010416666666 0.4953872453703704 0.3461973958333333 0.4386019407407407 0.35461770833333334 0.44041425462962963
6 0.6367057291666666 0.33061874074074077 0.5538645833333333 0.2944192462962963 0.4956619791666667 0.332981275 0.5790140625000001 0.3668806972222222 0.6367057291666666 0.33061874074074077
5 0.6371671875 0.32945732962962965 0.6361901041666667 0.29470097500000003 0.5536593750000001 0.2577619888888889 0.4953541666666667 0.2987120555555555 0.49576458333333334 0.3327839777777778 0.5547885416666667 0.2941018296296296 0.6371671875 0.32945732962962965
5 0.6356770833333333 0.29233468333333334 0.6349583333333333 0.258489912962963 0.5528380208333333 0.21984784907407406 0.49484062500000003 0.26075324629629626 0.49484062500000003 0.29598009814814813 0.5531463541666667 0.25649014166666667 0.6356770833333333 0.29233468333333334
5 0.6351635416666667 0.25703050370370367 0.6352666666666666 0.22270165 0.5526328125000001 0.18194429537037038 0.4946354166666667 0.22540524814814816 0.4951484375 0.259644687962963 0.5525302083333333 0.21901103703703706 0.6351635416666667 0.25703050370370367
5 0.6348583333333334 0.22059886944444446 0.6337265625 0.18879366574074072 0.5522223958333333 0.14604644722222224 0.4949432291666667 0.1906809490740741 0.4949432291666667 0.22444761574074074 0.5530432291666667 0.1798773287037037 0.6348583333333334 0.22059886944444446
5 0.6337708333333333 0.1876918712962963 0.6336682291666667 0.1532095388888889 0.5513427083333333 0.10912225462962963 0.49406354166666666 0.15594657129629627 0.49467968749999996 0.18944141666666667 0.5524718750000001 0.14509820648148147 0.6337708333333333 0.1876918712962963
0 0.7062859375 0.610609312037037 0.7009895833333334 0.4242427268518518 0.6159953125000001 0.3938668027777778 0.5664151041666667 0.42296459722222224 0.5679546875 0.6156208046296295 0.6208197916666667 0.590974087962963 0.7062859375 0.610609312037037
0 0.6376541666666667 0.3326292527777778 0.6162005208333333 0.3446860972222222 0.5782197916666667 0.36808484907407407 0.5672359375 0.36219547870370367 0.5668255208333334 0.42192448240740743 0.61691875 0.39238742407407406 0.7005901041666667 0.4220571805555556 0.6965755208333333 0.24335088333333335 0.6349854166666666 0.211403575 0.6376541666666667 0.3326292527777778
4 0.521298471875 0 0.24655885416666665 0.2481845074074074 0.2472578125 0.3313145564814815 0.26681979166666664 0.34027667314814813 0.27035729166666667 0.31452257499999997 0.34897552083333333 0.2511987824074074 0.3565302083333333 0.2545802342592593 0.357475 0.24422831203703702 0.4494932291666667 0.170081225 0.4928020833333333 0.1899824101851852 0.49312968749999997 0.15463209074074075 0.552446875 0.1063749824074074 0.6356098958333334 0.15308054444444444 0.6353916666666667 0.2109168435185185 0.6993083333333333 0.2435070787037037 0.7732828125 0.19534977407407408 0.7708375000000001 0.09508241203703703 0.6201384322916667 0 0.521298471875 0