1 0.35656194999999996 0.5908804083333333 0.26684245625 0.5996447166666667 0.38407975208333334 0.6691376805555556 0.47371838177083336 0.6628590351851852 0.35656194999999996 0.5908804083333333
1 0.5765651447916667 0.6663025861111112 0.47787223854166666 0.6708854268518518 0.5758254557291667 0.7313031611111112 0.6746213703125 0.7289082148148148 0.5765651447916667 0.6663025861111112
0 0.6890855770833333 0.5430858175925926 0.5933913130208333 0.4671893425925926 0.5500431791666667 0.471285562962963 0.5479231578125 0.49021485000000004 0.49255558854166664 0.4991233416666667 0.47571809375 0.6689058546296296 0.5756322114583334 0.6629839157407408 0.6750072989583333 0.7265054981481481 0.6890855770833333 0.5430858175925926
0 0.5671211958333333 0.28589564074074075 0.5502247 0.4693846277777778 0.5918238083333333 0.46397728518518516 0.6885802260416667 0.5418336953703704 0.7022369723958334 0.3661005592592593 0.607486515625 0.2754148064814815 0.5671211958333333 0.28589564074074075
0 0.3769109104166667 0.38743149074074074 0.2890535052083333 0.4103550564814815 0.2661278546875 0.5997286296296296 0.3543764682291667 0.5900070351851852 0.47433543333333333 0.6588470805555555 0.4894099322916666 0.49771069074074076 0.40918307604166665 0.43716599629629627 0.4113651078125 0.4126818509259259 0.3769109104166667 0.38743149074074074
0 0.3104466895833333 0.22558011203703704 0.28950064895833333 0.4089445990740741 0.37634445625 0.38449067407407406 0.4110477213541667 0.41203819629629634 0.43148920677083336 0.2208744703703704 0.39879425677083336 0.19192271203703704 0.3104466895833333 0.22558011203703704
6 0.464147409375 0.4253676462962963 0.41025945520833335 0.437156012037037 0.49075575416666667 0.4976104240740741 0.5463855880208333 0.4880908759259259 0.464147409375 0.4253676462962963
5 0.41364151510416663 0.4017381666666667 0.4100171067708333 0.4368466851851852 0.46418612916666663 0.423825462037037 0.5458555765625001 0.48794676759259265 0.549598484375 0.455586775 0.4693121463541667 0.3895124638888889 0.41364151510416663 0.4017381666666667
5 0.41850118645833334 0.36793548796296294 0.4151973052083333 0.39968736666666665 0.468695921875 0.3879867620370371 0.5508933036458333 0.45341614444444445 0.5541964791666667 0.41996661574074073 0.47305963385416666 0.3548255888888889 0.41850118645833334 0.36793548796296294
5 0.4211566765625 0.331010812037037 0.4178050328125 0.3666784814814815 0.47262197864583333 0.35257208333333334 0.5535627473958333 0.41862977222222225 0.5567415911458333 0.3853400574074074 0.4770595130208333 0.31749009166666664 0.4211566765625 0.331010812037037
5 0.42536200520833334 0.2972238388888889 0.421902725 0.32946638888888885 0.4756496098958333 0.31516585462962965 0.5562471072916666 0.3848183712962963 0.5592319526041667 0.35128135 0.4802790661458333 0.2814951388888889 0.42536200520833334 0.2972238388888889
5 0.42872149479166666 0.2620423509259259 0.4253284666666667 0.2964383638888889 0.47895745260416667 0.27938852685185184 0.5602429192708333 0.34980989629629633 0.5630496218750001 0.3170017351851852 0.48353535000000003 0.24512105555555558 0.42872149479166666 0.2620423509259259
5 0.43160045520833334 0.2284774796296296 0.4278013208333334 0.26256851481481486 0.48198291979166663 0.24314718425925924 0.5625216869791667 0.3156936583333333 0.5654858328125001 0.2835101018518518 0.48592199114583334 0.20986961296296294 0.43160045520833334 0.2284774796296296
5 0.4346936 0.19380631018518518 0.43134519791666665 0.22772946944444444 0.4846183109375 0.20757519722222223 0.564815971875 0.28255161296296294 0.5681011265625 0.24929080370370368 0.4890718765625 0.1734675398148148 0.4346936 0.19380631018518518
4 0.47514363750000005 0 0.2654469515625 0.10602162129629629 0.25440164583333336 0.19995581203703705 0.3086194010416667 0.24271295462962963 0.31112811614583336 0.22482831018518518 0.39907931875 0.1892961324074074 0.4313451010416667 0.21949217314814815 0.43411993854166664 0.19211078055555555 0.4895066802083334 0.17210354166666667 0.5692331166666666 0.24909574166666665 0.565594240625 0.28552558333333333 0.6096280911458333 0.2713624537037037 0.7027219989583333 0.3660425768518519 0.6984480359374999 0.41658901666666664 0.7693162328125 0.40215209537037033 0.7764364255208334 0.3124958842592593 0.4929764734375 0 0.47514363750000005 0