6 0.3952354166666667 0.3870527777777778 0.44896718750000003 0.40867314814814815 0.5379203125 0.3748277777777778 0.48334270833333337 0.35451944444444444
5 0.3952354166666667 0.38830648148148145 0.39565833333333333 0.42334351851851854 0.44917864583333333 0.4460953703703704 0.5372859375 0.4107453703703704 0.5377609375 0.3751888888888889 0.44924583333333334 0.4099101851851852
5 0.39392708333333337 0.4237546296296296 0.39400520833333336 0.46032685185185185 0.45009895833333335 0.4826870370370371 0.5348635416666667 0.4438 0.5345510416666667 0.4121342592592593 0.4492395833333333 0.4478268518518519
5 0.3956458333333333 0.46116203703703706 0.3956458333333333 0.4962981481481481 0.45072395833333334 0.5204638888888888 0.5367385416666667 0.48004814814814817 0.5362697916666667 0.4442166666666667 0.4494739583333333 0.4843537037037037
5 0.39916145833333333 0.49755000000000005 0.3995520833333333 0.531437962962963 0.4527552083333333 0.5579648148148147 0.5406447916666667 0.516437962962963 0.5404885416666667 0.4804675925925926 0.4519739583333333 0.5217157407407407
5 0.4004114583333333 0.5318546296296296 0.4005677083333333 0.5668537037037037 0.4530677083333333 0.595325 0.5409572916666666 0.5517148148148148 0.5409572916666666 0.5172712962962963 0.45259895833333336 0.5586592592592592
3 0.40048958333333334 0.553937962962963 0.40048958333333334 0.566437037037037 0.4531458333333333 0.5951861111111112 0.5411916666666666 0.5512990740740741 0.5410354166666667 0.5228277777777778 0.5810541666666666 0.5422712962962963 0.4627739583333333 0.602825 0.3863114583333333 0.5604648148148148
2 0.3863114583333333 0.5608842592592592 0.38670208333333334 0.6053268518518519 0.46263906250000003 0.6492148148148148 0.5808166666666666 0.5853277777777778 0.5801916666666667 0.5431064814814814 0.4624583333333333 0.6035212962962963
2 0.3873552083333333 0.6062546296296296 0.38774583333333335 0.6493537037037037 0.4644640625 0.6956018518518519 0.5806885416666667 0.6285203703703703 0.5808447916666667 0.5856055555555555 0.4638921875 0.6493537037037037
2 0.38814895833333335 0.6498657407407408 0.38838333333333336 0.6942157407407408 0.4643984375 0.742825 0.5806354166666666 0.6722712962962963 0.5807916666666666 0.6294953703703704 0.46329270833333336 0.6968546296296296
2 0.38635416666666667 0.6951435185185185 0.38645833333333335 0.7397694444444445 0.4625515625 0.7905907407407408 0.5782854166666667 0.7168435185185186 0.5782854166666667 0.6742055555555556 0.4614895833333333 0.7455925925925926
1 0.4868239583333333 0.2894027777777778 0.5915890625000001 0.2569009259259259 0.6895697916666667 0.2844009259259259 0.5865234375 0.32106574074074073
1 0.3965375 0.26162222222222226 0.48231822916666667 0.2889833333333333 0.5879427083333333 0.2566231481481482 0.5012244791666667 0.2324564814814815
1 0.47630989583333333 0.29245925925925925 0.3517427083333333 0.33033240740740744 0.26692604166666667 0.29663611111111116 0.3904760416666667 0.26244814814814815
0 0.26715677083333333 0.2973787037037037 0.2713536458333333 0.4884861111111112 0.35491927083333336 0.534725 0.39877708333333334 0.5192314814814815 0.39836197916666666 0.49906296296296304 0.39435000000000003 0.4975879629629629 0.3947645833333333 0.46266203703703707 0.3932427083333333 0.46069444444444446 0.3932427083333333 0.42183333333333334 0.3950416666666667 0.42109537037037037 0.39435000000000003 0.3846935185185185 0.47777708333333335 0.355425 0.47708489583333336 0.2910712962962963 0.3522901041666667 0.33091574074074076
0 0.27103072916666665 0.48988611111111113 0.2756427083333334 0.6741092592592592 0.3579630208333333 0.7304324074074073 0.3860484375 0.7154296296296296 0.3856333333333334 0.6945231481481482 0.3877088541666666 0.6928018518518518 0.3867401041666667 0.607450925925926 0.38549531249999996 0.6047453703703703 0.3852182291666667 0.5582601851851853 0.39988385416666666 0.5521111111111111 0.39946875 0.5324342592592592 0.3985005208333333 0.5319425925925927 0.398915625 0.5196444444444445 0.3545041666666667 0.5356324074074074
0 0.69065 0.2850833333333333 0.6866619791666667 0.4712953703703704 0.583909375 0.5221046296296297 0.5409739583333334 0.5048537037037036 0.540575 0.47862407407407404 0.5373848958333334 0.47838703703703706 0.536853125 0.4424685185185185 0.5352578124999999 0.4424685185185185 0.5351250000000001 0.4136388888888889 0.5388468750000001 0.41080277777777774 0.5384484374999999 0.3732259259259259 0.4859421875 0.3555027777777778 0.4866067708333333 0.2891 0.5855046875000001 0.3221833333333334
0 0.6868854166666666 0.47250462962962964 0.583303125 0.5234972222222222 0.54124375 0.5067722222222222 0.5413822916666666 0.5215296296296296 0.58178125 0.5409601851851852 0.5810895833333334 0.6722999999999999 0.5791526041666667 0.6759944444444445 0.5788760416666666 0.7126425925925925 0.5827500000000001 0.7141175925925926 0.6841630208333334 0.6494314814814814
4 0.6847645833333333 0.5997324074074074 0.6839619791666667 0.6495925925925925 0.5822958333333333 0.714925925925926 0.5792046875000001 0.7130935185185184 0.5790328124999999 0.7179787037037038 0.46199270833333334 0.7921694444444445 0.38583229166666666 0.7402685185185185 0.38581770833333334 0.7164555555555556 0.35868385416666665 0.732636111111111 0.274534375 0.6755462962962964 0.27470625000000004 0.6679138888888889 0.22565885416666667 0.6926425925925925 0.22840677083333333 0.7869787037037037 0.43706249999999996 0.9555546296296297 0.7528739583333334 0.7204759259259259 0.7540760416666666 0.6309722222222223