2 0.38361249999999997 0.5100731481481482 0.492834375 0.566187037037037 0.492834375 0.5219490740740741 0.3832786458333333 0.4693981481481481
2 0.38345468749999995 0.5118981481481482 0.3839239583333333 0.5536185185185185 0.4917557291666667 0.6116083333333334 0.49199062499999996 0.5667601851851852
2 0.3838067708333333 0.5548694444444444 0.3840411458333334 0.5957546296296296 0.49152135416666665 0.6572907407407408 0.49152135416666665 0.612650925925926
2 0.3833375 0.5959629629629629 0.3839239583333333 0.6383083333333334 0.49128645833333334 0.7017222222222222 0.49128645833333334 0.6572907407407408
2 0.3838067708333333 0.6385175925925927 0.3840411458333334 0.6791935185185185 0.49093437500000003 0.7463620370370371 0.49140364583333335 0.7021398148148148
2 0.49304635416666664 0.5217027777777777 0.5689630208333334 0.48519814814814816 0.5682588541666667 0.5269175925925926 0.49351614583333336 0.565925
2 0.492225 0.5684287037037037 0.4917557291666667 0.6116083333333334 0.5679067708333334 0.5721833333333333 0.5677895833333333 0.529212037037037
2 0.4918734375 0.612650925925926 0.49152135416666665 0.6575 0.5673203125 0.6139027777777778 0.5674375 0.5728092592592593
2 0.49152135416666665 0.6583342592592593 0.49152135416666665 0.7021398148148148 0.5661468749999999 0.6564564814814814 0.5664989583333334 0.615362962962963
2 0.4916385416666667 0.7042259259259259 0.49105208333333333 0.7469879629629629 0.5661468749999999 0.6992194444444445 0.5659124999999999 0.6575
2 0.5737739583333333 0.48624074074074075 0.5736562500000001 0.5281694444444445 0.6426499999999999 0.49416759259259263 0.6434713541666667 0.4526564814814815
2 0.5731869791666667 0.5308805555555556 0.5726005208333333 0.5726009259259259 0.6420635416666667 0.5350527777777777 0.642415625 0.49458518518518524
2 0.572365625 0.5740611111111111 0.5722484375000001 0.6141111111111112 0.6407729166666667 0.575312037037037 0.6410072916666666 0.5356787037037037
2 0.5722484375000001 0.6145287037037037 0.5717791666666667 0.6558305555555556 0.6395994791666666 0.6147370370370371 0.6401859375 0.5757296296296296
2 0.570840625 0.6566657407407407 0.5703708333333334 0.696925 0.6381911458333334 0.6531194444444445 0.638778125 0.6159888888888889
3 0.38367760416666663 0.46895462962962964 0.4928265625 0.520824074074074 0.5685541666666667 0.4847509259259259 0.45900729166666665 0.4368888888888889
3 0.46550625 0.43712500000000004 0.5741239583333333 0.4847509259259259 0.6433531250000001 0.4522138888888889 0.5346026041666666 0.4088314814814815
4 0.22691250000000002 0.6912259259259259 0.22878802083333336 0.7884648148148149 0.43663489583333337 0.9573814814814815 0.7551255208333333 0.7195638888888889 0.7548130208333333 0.6306601851851852 0.6407317708333333 0.5773185185185186 0.63823125 0.6562203703703703 0.49039427083333337 0.7512361111111111 0.38131354166666664 0.6790018518518518 0.3825635416666667 0.6156583333333333