6 0.48498832395833336 0.5679061222222223 0.43345078072916665 0.5977878138888889 0.5237508666666667 0.6165571259259259 0.576240446875 0.5878521388888889 0.48498832395833336 0.5679061222222223
5 0.4307797864583333 0.5615475666666666 0.43334399375000004 0.5965381203703704 0.4851597734375 0.5666298407407407 0.5760513593750001 0.5875168925925925 0.572550884375 0.5521477657407406 0.48201088281250004 0.5305707944444444 0.4307797864583333 0.5615475666666666
5 0.4259873838541666 0.5249388055555555 0.42902488229166663 0.5614061796296296 0.48192393854166665 0.5288354037037037 0.5697156380208334 0.5511873314814815 0.5673288953125 0.5195744111111111 0.47980838802083337 0.49395346759259257 0.4259873838541666 0.5249388055555555
5 0.42455331562500004 0.48882818888888885 0.4275461020833333 0.5238519324074075 0.47904552864583333 0.49238902962962966 0.568690425 0.5189410546296296 0.5661040817708333 0.48315149074074076 0.47721156875 0.45620053055555554 0.42455331562500004 0.48882818888888885
5 0.4254408239583333 0.453195137037037 0.4279392364583333 0.4870352851851852 0.47834673489583335 0.45475888425925926 0.5697937416666666 0.48215199444444445 0.5668851187499999 0.446272437037037 0.4760352713541666 0.4185046138888889 0.4254408239583333 0.453195137037037
5 0.42343317812500003 0.4177351981481482 0.42625906822916665 0.4526465666666667 0.475820896875 0.41783661574074077 0.5671245875 0.44539331851851854 0.5641907932291667 0.4110599527777778 0.47316349375000005 0.3812154611111111 0.42343317812500003 0.4177351981481482
3 0.5667289151041667 0.43984249444444445 0.6048288609375 0.41425673148148145 0.48216720885416664 0.3722346092592593 0.40981468541666666 0.42631391481481484 0.42445568906250003 0.4306217462962963 0.42339105625 0.41816264444444445 0.4732529359375 0.3813417935185185 0.5644590416666666 0.41143802777777777 0.5667289151041667 0.43984249444444445
2 0.40638153489583334 0.38153478888888886 0.4097789583333334 0.425895812037037 0.4817943473958334 0.3715894731481481 0.6039008833333334 0.413557937037037 0.6009254994791667 0.3713747694444444 0.47808185572916667 0.32601406574074077 0.40638153489583334 0.38153478888888886
2 0.4036683604166667 0.3374869175925926 0.40695134791666665 0.38050871851851853 0.4793149255208334 0.3256813398148148 0.6009297796874999 0.37109351944444446 0.5971192020833332 0.32834017407407406 0.4759437703125 0.2794924342592593 0.4036683604166667 0.3374869175925926
2 0.40048046458333336 0.29266951574074074 0.4040252260416667 0.33691401851851854 0.47467339635416667 0.2784252675925926 0.5971386026041666 0.3273523046296296 0.5933398552083333 0.2847374037037037 0.47185625156250005 0.23243048333333333 0.40048046458333336 0.29266951574074074
2 0.3946879734375 0.24755994444444443 0.39838559114583333 0.29205930277777775 0.4687307552083333 0.230122725 0.5908405250000001 0.28317366944444444 0.587208753125 0.24067206666666668 0.46595295833333333 0.18510383796296298 0.3946879734375 0.24755994444444443
1 0.5327557072916667 0.6809258194444445 0.639601590625 0.6970811564814815 0.734596853125 0.6544783685185185 0.6291038505208333 0.6339069101851852 0.5327557072916667 0.6809258194444445
1 0.5283152786458333 0.6820424814814814 0.4454281104166667 0.7226153601851851 0.5519122223958333 0.7354573685185185 0.6360028296875 0.6979233694444444 0.5283152786458333 0.6820424814814814
1 0.5220503125 0.6795091907407407 0.39507480677083334 0.6610698111111111 0.3136849859375 0.7078081490740741 0.4393360869791667 0.7227318333333334 0.5220503125 0.6795091907407407
0 0.42571062135416665 0.4654827351851852 0.38082098125 0.4568383935185185 0.30174232968750003 0.5158852527777777 0.3138509484375 0.7070321592592593 0.3955689234375 0.660403475925926 0.5229384484375 0.6807725611111112 0.5181446401041667 0.616517350925926 0.4327721296875 0.6002768018518518 0.4303586578125 0.5638841314814815 0.42850864947916667 0.5634274361111111 0.4251985786458333 0.5246906046296296 0.4265428713541667 0.5224933564814814 0.4231561244791667 0.4877434027777778 0.42701613489583334 0.4856511101851852 0.42571062135416665 0.4654827351851852
0 0.396353959375 0.2718854685185185 0.3671749916666667 0.2612849768518518 0.2901924260416667 0.3301907740740741 0.3013022848958334 0.5145397953703704 0.3803313114583334 0.45599824537037037 0.42581307916666666 0.4650496138888889 0.42435318072916667 0.4528551527777778 0.42527317604166665 0.45221494629629627 0.4240095411458333 0.43253666574074073 0.408916415625 0.4286809861111111 0.40523221302083334 0.3823015064814815 0.40623838385416666 0.37941161296296294 0.39993084322916667 0.29418345277777774 0.39772233020833336 0.2927894462962963 0.396353959375 0.2718854685185185
0 0.5325657348958334 0.681261300925926 0.6279965937499999 0.632950837037037 0.7356118458333333 0.6536306703703704 0.7157890260416667 0.4686324490740741 0.6093830645833334 0.4339162388888889 0.5681988369791667 0.45776861481481484 0.5700366572916666 0.48397621388888884 0.5668876817708333 0.48470707962962967 0.5694188317708334 0.5205931731481481 0.5678339901041666 0.5208405074074074 0.57015766875 0.5495985287037037 0.5740966869791666 0.551848537037037 0.576901546875 0.5893669888888888 0.5262495270833333 0.6151739194444444 0.5325657348958334 0.681261300925926
0 0.6981333776041667 0.2914534638888889 0.5918762192708333 0.24269709444444446 0.5881533234374999 0.24476798796296295 0.5915496489583333 0.28125605555555555 0.5937885958333333 0.2846383787037037 0.6056628484375001 0.4154509240740741 0.5671840859375 0.441082712962963 0.5683034442708333 0.45581440370370374 0.6086621765625 0.4326220907407407 0.7159079958333333 0.46739241481481486 0.6981333776041667 0.2914534638888889
4 0.4652633036458333 0.18361682592592593 0.5878545520833334 0.239424637037037 0.5884414036458333 0.24426755092592595 0.5913561817708334 0.24196176018518517 0.6979199328125 0.291324037037037 0.7029642078124999 0.3409003305555555 0.7691598249999999 0.29901451481481484 0.7603419786458333 0.20998341944444446 0.42658007239583334 0.024619287962962963 0.23365264739583333 0.2250056601851852 0.2389580296875 0.31946610833333333 0.28978981666666664 0.33651151759259257 0.2889689645833334 0.3289301675925926 0.3677033885416667 0.2589765638888889 0.396037359375 0.2708985944444445 0.39402353125 0.24715952592592597 0.4652633036458333 0.18361682592592593