1 0.6302407911458333 0.4011686166666667 0.7337836994791667 0.37074154444444446 0.6303890588541667 0.3299928648148148 0.5248619734375001 0.35693413055555556 0.6302407911458333 0.4011686166666667
1 0.5190869244791666 0.3554537435185185 0.6222179406249999 0.32876040185185185 0.5323755557291666 0.29398788425925926 0.42727931197916663 0.3167269490740741 0.5190869244791666 0.3554537435185185
1 0.4173701348958333 0.3125027759259259 0.5261228671875 0.293128387962963 0.44851733489583334 0.26213058981481485 0.34071810208333336 0.2794312888888889 0.4173701348958333 0.3125027759259259
6 0.52463553125 0.4907656620370371 0.622881975 0.4669181694444444 0.5720641307291667 0.4376671324074074 0.47468425572916667 0.4597107037037037 0.52463553125 0.4907656620370371
6 0.47290919427083333 0.4576597333333333 0.5587020406250001 0.4335942768518518 0.5073001192708333 0.40570324629629634 0.4180174661458333 0.4308579833333333 0.47290919427083333 0.4576597333333333
6 0.40535031666666665 0.42260660370370373 0.4846308734375 0.39557671759259255 0.43061164114583333 0.3735716231481482 0.3524797322916667 0.3983508444444444 0.40535031666666665 0.42260660370370373
6 0.34319104166666664 0.3918277277777778 0.4230425807291667 0.3705087351851852 0.3827468015625 0.34851930185185187 0.2974212421875 0.36744269444444444 0.34319104166666664 0.3918277277777778
6 0.2945519588541667 0.36623210648148147 0.38059340937499997 0.34751481018518515 0.3390301729166667 0.3274740944444445 0.25294887239583336 0.34538381574074073 0.2945519588541667 0.36623210648148147
5 0.6226332177083334 0.5053241990740741 0.624407175 0.46698871388888885 0.5250172333333334 0.4929293657407407 0.4738375223958334 0.4594022722222222 0.47213231197916666 0.49601655833333336 0.5232935213541666 0.5300140222222223 0.6226332177083334 0.5053241990740741
5 0.4719231604166667 0.4945826481481482 0.47282138385416667 0.4592276777777778 0.4190386770833333 0.4302524222222222 0.41574805000000004 0.46671899629629626 0.4719231604166667 0.4945826481481482
5 0.6121886750000001 0.5370910018518518 0.613856553125 0.5083631574074073 0.5264591338541666 0.5313990518518519 0.46780757708333337 0.4991552611111111 0.46542801875 0.5377633018518518 0.5252137635416667 0.5712604740740741 0.6121886750000001 0.5370910018518518
5 0.6134590458333334 0.5731702962962962 0.6153674078125 0.536959675925926 0.5279482609375 0.5728543944444444 0.4692044177083333 0.5402191259259259 0.4673964291666667 0.5752467814814815 0.5273887333333334 0.608954637962963 0.6134590458333334 0.5731702962962962
5 0.6125111468750001 0.6104526935185185 0.6143865854166666 0.5737102231481481 0.529427953125 0.6113201666666667 0.46955742447916665 0.5772407768518518 0.46814060520833334 0.6132611472222222 0.5269715973958333 0.6491562231481481 0.6125111468750001 0.6104526935185185
5 0.6130870817708334 0.6477739101851852 0.6145011708333333 0.6105869898148149 0.5290341666666667 0.6514198435185184 0.4701108880208333 0.6151332898148149 0.46807383177083334 0.6505224833333334 0.5265454729166666 0.6873403481481482 0.6130870817708334 0.6477739101851852
5 0.6096338041666667 0.6836045453703704 0.6118583109375 0.6490580518518518 0.5271362567708333 0.6887336111111111 0.4679815453125 0.6501310055555556 0.46622090052083337 0.6866927324074074 0.5247398489583334 0.7250455935185186 0.6096338041666667 0.6836045453703704
5 0.6062666213541666 0.7199840657407408 0.6086631484375 0.6851840962962963 0.5228512776041667 0.7265582092592593 0.46485839895833336 0.6857684324074074 0.4631052572916667 0.7221394185185185 0.5209683364583333 0.7634914203703704 0.6062666213541666 0.7199840657407408
5 0.6027186927083333 0.7527456333333333 0.6046606166666667 0.7225127324074074 0.5194228364583333 0.7644951361111112 0.46205585364583335 0.7214682555555555 0.4597892453125 0.757218012037037 0.5166877411458334 0.7984801453703704 0.6027186927083333 0.7527456333333333
5 0.6010573161458334 0.7895080481481481 0.6029339171875 0.7529088009259259 0.516834353125 0.8002149037037036 0.46039447708333336 0.7582306703703704 0.4582351604166667 0.793990423148148 0.5144154744791667 0.8370981824074074 0.6010573161458334 0.7895080481481481
5 0.5987579296875 0.826091137962963 0.6004586265624999 0.7910534851851851 0.5140088604166667 0.8392358342592592 0.45797279375 0.7951852453703704 0.45657848229166664 0.8306333935185185 0.5119563145833333 0.8750055351851852 0.5987579296875 0.826091137962963
5 0.415690484375 0.4663883712962963 0.4139592927083333 0.5021880120370371 0.46553504687499997 0.5310951861111112 0.4668923984375 0.500042062037037 0.47008645833333335 0.49646438981481483 0.415690484375 0.4663883712962963
5 0.46522146875000003 0.5390674083333333 0.4651694677083333 0.5321763083333333 0.4135169166666667 0.50249715 0.41187106614583335 0.5388781314814814 0.46676355781249995 0.5709631324074074 0.46820754166666667 0.5397275694444444 0.46522146875000003 0.5390674083333333
5 0.4107916885416667 0.5389690064814815 0.40833296822916665 0.574127474074074 0.46720095260416666 0.6090687972222223 0.46850763489583336 0.5785862009259259 0.467183740625 0.5719092962962964 0.4107916885416667 0.5389690064814815
5 0.45846689270833335 0.6451397287037037 0.46032965468750003 0.6114572537037037 0.4066964567708334 0.5747073046296296 0.40501024375 0.6093634268518519 0.45846689270833335 0.6451397287037037
5 0.4550251604166667 0.6806768444444444 0.4566415578125 0.6450579481481482 0.4041195546875 0.6101326277777778 0.4024113552083334 0.6453610203703704 0.4550251604166667 0.6806768444444444
5 0.45471022604166667 0.7160341185185186 0.45611436875 0.6830737444444445 0.4036673192708333 0.6462428675925926 0.40216387187499997 0.6790034787037037 0.45471022604166667 0.7160341185185186
5 0.45083365677083337 0.7516887055555556 0.4534594171875 0.7157521620370371 0.4005314390625 0.6794796055555555 0.39886769791666665 0.7135644314814815 0.45083365677083337 0.7516887055555556
5 0.449065509375 0.7884411722222222 0.4510955473958333 0.7532436944444445 0.398945015625 0.7143364648148148 0.39745087864583334 0.749584801851852 0.449065509375 0.7884411722222222
5 0.44785932916666665 0.8245685240740741 0.4489635291666667 0.789040375 0.39831457812500004 0.752239487037037 0.3956919479166666 0.7833652361111111 0.44785932916666665 0.8245685240740741
5 0.35052557395833334 0.43278870462962965 0.4032944520833333 0.45606849537037036 0.4160149932291667 0.45266282314814815 0.4165008953125 0.42937196111111114 0.4827124302083333 0.4116303953703704 0.4843390213541667 0.39762748425925926 0.40574383177083334 0.42377889537037033 0.35160784166666664 0.39979834166666667 0.35052557395833334 0.43278870462962965
5 0.3420007479166667 0.4635401907407407 0.38833657447916664 0.488897987037037 0.41377015364583336 0.4822773842592592 0.4156371255208333 0.4539500388888889 0.40527491770833335 0.4575754351851852 0.3899853109375 0.45519464259259257 0.342193421875 0.42855347685185186 0.3420007479166667 0.4635401907407407
5 0.41196462864583333 0.5199668398148147 0.41390238020833336 0.4843778833333333 0.3894812489583333 0.492622475 0.34203374270833337 0.4654390759259259 0.3404622875 0.49991537962962956 0.38765829166666665 0.5280306861111111 0.41196462864583333 0.5199668398148147
5 0.40909309375 0.5583376037037037 0.41188051406250004 0.5228761351851852 0.39041320104166666 0.5300093879629629 0.341318040625 0.5009513787037037 0.34045216406249995 0.5366402009259259 0.39000594427083335 0.5649761092592593 0.40909309375 0.5583376037037037
5 0.38912229427083334 0.6011167833333334 0.40503362395833337 0.5959044166666667 0.40600298229166665 0.5739977462962963 0.4084493885416667 0.5610274851851852 0.39047162708333333 0.5668121537037036 0.3429693104166667 0.538284499074074 0.3419867953125 0.571476525 0.38912229427083334 0.6011167833333334
5 0.4021250614583333 0.631561836111111 0.40503646354166667 0.599101538888889 0.39085600729166664 0.6035412046296297 0.34267812239583334 0.5730380685185186 0.34213692968750004 0.6032100351851852 0.3887861276041667 0.6370138712962963 0.4021250614583333 0.631561836111111
5 0.3895205609375 0.6730432324074075 0.40228608072916666 0.6684940425925926 0.40226786354166666 0.64706875 0.4021891817708333 0.6353938175925926 0.3909547140625 0.6393198953703704 0.34338771927083334 0.6069611379629629 0.3424502197916667 0.6390087194444445 0.3895205609375 0.6730432324074075
5 0.3431229598958333 0.673868825 0.39069176197916666 0.70890605 0.3990025421875 0.7054714731481481 0.39987776979166667 0.6804957851851852 0.4016898135416667 0.6781777537037037 0.40178310156249997 0.6703439203703704 0.39263938125000003 0.6758039416666667 0.3445266177083333 0.6409074768518518 0.3431229598958333 0.673868825
5 0.39709196041666667 0.7403696888888889 0.39848863697916664 0.7075991296296296 0.391523778125 0.7096285157407407 0.34409460625 0.6765168388888889 0.34340114270833333 0.7078223277777778 0.39037402343750005 0.7443346194444445 0.39709196041666667 0.7403696888888889
5 0.395667675 0.7765798740740741 0.39680294479166667 0.7422553 0.3907877005208333 0.744755111111111 0.34333365624999995 0.7095380685185185 0.34225833385416665 0.7423385685185185 0.38930856875 0.7796219666666666 0.395667675 0.7765798740740741
5 0.34085326145833333 0.42376529166666665 0.3421501489583333 0.3907939953703704 0.29711759375 0.3678530425925926 0.29603480520833336 0.40084335648148145 0.34085326145833333 0.42376529166666665
5 0.34069810104166665 0.45779830185185183 0.3399383510416667 0.4278880064814815 0.2960198 0.401224837962963 0.2937040401041667 0.4327620583333333 0.34069810104166665 0.45779830185185183
5 0.33981507031249997 0.49392323425925927 0.340785975 0.45917909351851854 0.294820553125 0.43445150092592594 0.2931948453125 0.4675826722222222 0.33981507031249997 0.49392323425925927
5 0.2939696817708333 0.46975884166666665 0.2925955125 0.5019571787037037 0.33683541770833336 0.528650287962963 0.3398739359375 0.5279771148148148 0.3394147171875 0.4940411305555556 0.2939696817708333 0.46975884166666665
5 0.29402577916666667 0.5038830925925927 0.29308824270833334 0.5359316 0.3361807994791667 0.5644303500000001 0.34109419479166664 0.5625927092592593 0.33991097291666666 0.5297732222222222 0.29402577916666667 0.5038830925925927
5 0.3415297817708333 0.5980199083333333 0.34139540625000003 0.5658724611111111 0.337292515625 0.5662550268518518 0.29321985 0.5380478398148149 0.29257369427083335 0.570888325 0.33662385260416666 0.5996677342592592 0.3415297817708333 0.5980199083333333
5 0.29194491354166663 0.6005493694444444 0.3358924734375 0.6346748851851852 0.342428165625 0.632605513888889 0.34282174479166666 0.6089240990740741 0.3413887104166667 0.6070685564814815 0.3413521989583333 0.5997969490740741 0.3365611005208333 0.6012631046296296 0.2934980333333333 0.5720013425925926 0.29194491354166663 0.6005493694444444
5 0.2932782526041667 0.637765512037037 0.33658021822916667 0.6691535101851852 0.343145884375 0.6663221009259259 0.343983671875 0.6422982648148149 0.34250510156249997 0.6415871175925926 0.3420116458333334 0.6330945601851852 0.33735613697916667 0.635751725 0.29327367656250003 0.6050558379629629 0.2932782526041667 0.637765512037037
5 0.29319002135416666 0.6700836583333333 0.3359883885416667 0.7033372759259259 0.3428984005208333 0.6999645601851852 0.3435464411458333 0.6780270231481481 0.3426268369791667 0.6767936351851852 0.3428793401041667 0.6676364166666666 0.3381205807291667 0.6710181231481481 0.2939907760416667 0.6387881666666666 0.29319002135416666 0.6700836583333333
5 0.34207000052083336 0.7347006037037036 0.3424795859375 0.7024123972222222 0.33689298749999996 0.7049521453703703 0.29280118020833334 0.6717694592592593 0.29194794375 0.7043992101851851 0.33538207395833336 0.7379025712962963 0.34207000052083336 0.7347006037037036
5 0.2950896333333333 0.3980937259259259 0.29603820989583335 0.3663891657407407 0.2539056614583333 0.34567183333333334 0.2529831671875 0.3773379333333333 0.2950896333333333 0.3980937259259259
5 0.29370002031250003 0.4334224296296296 0.2944984104166667 0.39944934814814814 0.253800178125 0.3784418814814815 0.2532364776041667 0.4091860694444444 0.29370002031250003 0.4334224296296296
5 0.29285428645833333 0.4658614398148148 0.2937773015625 0.43419538888888887 0.25360517604166666 0.41075008055555556 0.2528118869791667 0.44185575833333335 0.29285428645833333 0.4658614398148148
5 0.29216442656249997 0.49981303611111116 0.29276501302083335 0.4661774546296296 0.2528904796875 0.44259538425925926 0.2518451677083334 0.4746329203703704 0.29216442656249997 0.49981303611111116
5 0.2921834869791667 0.5321411796296297 0.29289630625 0.49974554444444447 0.2521895135416667 0.474091612962963 0.2507703661458333 0.5074334685185186 0.2921834869791667 0.5321411796296297
5 0.29139256302083333 0.5659244453703703 0.29175343645833335 0.5329077611111112 0.25054828020833336 0.5076042166666667 0.2498473140625 0.5391004462962963 0.29139256302083333 0.5659244453703703
5 0.2905954114583333 0.5998660453703704 0.2911965880208333 0.5681690787037037 0.2501704640625 0.5390980277777777 0.24891108958333333 0.5711156203703704 0.2905954114583333 0.5998660453703704
5 0.25014520104166665 0.5725530231481482 0.24944423489583334 0.6040492518518519 0.2902412916666667 0.6334818407407408 0.29229271874999996 0.6332910212962963 0.29170644322916667 0.5997279361111112 0.25014520104166665 0.5725530231481482
5 0.250593428125 0.6049211509259259 0.2487132953125 0.6363075185185185 0.2896499458333333 0.6676665814814815 0.29226732083333334 0.6667627314814815 0.29258461979166667 0.6340830472222223 0.250593428125 0.6049211509259259
5 0.29130402499999997 0.6994528564814815 0.292341834375 0.6676060611111111 0.2890662614583333 0.6688305370370371 0.24907915260416666 0.6379437509259259 0.24778049375 0.6682356555555556 0.28826550677083335 0.7001260296296297 0.29130402499999997 0.6994528564814815
4 0.5387675119791666 1 0.550952234375 0.9918530694444445 0.5510933098958334 0.9773288731481481 0.6168596848958334 0.9313939675925926 0.6250950322916666 0.9380903055555555 0.6577730984375 0.9168424981481481 0.6587494786458333 0.9029704462962963 0.7138565963541667 0.8644917935185185 0.7217850010416667 0.8707785138888888 0.7404163395833333 0.8593152638888889 0.7461688255208333 0.7650309249999999 0.7151094447916667 0.7451129435185185 0.7143186385416667 0.7515426407407407 0.6137091223958334 0.8123696842592593 0.6004887927083333 0.8038688194444444 0.5994294401041667 0.8280634527777778 0.5109000104166667 0.8770083101851852 0.45603416979166667 0.8317266722222223 0.4561551026041667 0.820452287962963 0.4476095963541667 0.8271166824074074 0.3954599598958334 0.7859141185185184 0.39557459427083336 0.7780293027777778 0.38912320156249997 0.7806799185185186 0.34209547447916666 0.7428242972222222 0.3417296213541666 0.7357125166666667 0.33410708541666667 0.7380625777777777 0.2913311895833333 0.7042376638888889 0.2912042359375 0.6992521194444444 0.2868422671875 0.7007591861111111 0.24699996302083335 0.6689286925925926 0.24795202395833332 0.644724062962963 0.22021777083333335 0.6551477601851852 0.2187684140625 0.7439587925925926 0.5162487369791667 1 0.5387675119791666 1
0 0.7215376182291667 0.5649416166666666 0.7338917239583334 0.37109173981481486 0.63055181875 0.40263060462962963 0.5231244973958333 0.35799430555555556 0.5213070453125 0.41232025092592595 0.6247979651041666 0.46368515 0.6237993380208333 0.5053138935185185 0.6150105578125 0.5096044444444444 0.6143610656249999 0.5342368712962963 0.6164652927083334 0.5375545046296296 0.6128557901041667 0.6090267018518518 0.6180152531249999 0.6117777324074074 0.7215376182291667 0.5649416166666666
0 0.6245162734375 0.6128889787037037 0.615484009375 0.6111961916666667 0.6146188260416667 0.6494323416666666 0.6126988635416667 0.6495369027777778 0.6081908083333333 0.7195063120370371 0.6060123932291667 0.7221414907407407 0.6003086213541666 0.8022164314814815 0.6120507739583334 0.8121092342592593 0.7137493593750001 0.7507721666666667 0.7266128885416666 0.5657796981481481 0.6245162734375 0.6128889787037037
0 0.43013581458333333 0.3716612175925926 0.48490690052083335 0.3954964925925926 0.48686215833333335 0.4107215527777778 0.5043496291666666 0.4044042407407407 0.5194065484375 0.41119899444444447 0.5226774666666667 0.3564415833333333 0.42637597656250004 0.3171000111111111 0.4252798302083333 0.3652481351851852 0.43013581458333333 0.3716612175925926
0 0.41789866197916664 0.31347204444444443 0.34036699583333335 0.2798520842592593 0.33916757291666666 0.3265724453703704 0.42382632760416666 0.3656805277777778 0.42502116718750005 0.3120995055555556 0.41789866197916664 0.31347204444444443