1 0.25029270833333334 0.3005777777777778 0.3549802083333333 0.3406546296296296 0.4605942708333333 0.3068916666666667 0.3552890625 0.2712064814814815
1 0.36609739583333334 0.2687361111111111 0.4683145833333333 0.3041462962962963 0.5622645833333333 0.27449999999999997 0.4581947916666667 0.24210925925925927
1 0.3684848958333333 0.343125 0.4696208333333333 0.38402592592592594 0.5947916666666667 0.3370861111111111 0.49180260416666666 0.30112685185185184
1 0.5032291666666667 0.2994796296296296 0.6040869791666666 0.33434166666666665 0.7091760416666666 0.29508796296296297 0.6074223958333334 0.2651675925925926
0 0.5966140625 0.3370861111111111 0.5939890625 0.5432361111111111 0.4678390625 0.6077435185185186 0.3687625 0.5522944444444444 0.3656744791666667 0.34394907407407405 0.4675828125 0.3834768518518518
0 0.3655203125 0.33873333333333333 0.36721875 0.5454324074074074 0.355946875 0.549549074074074 0.2547703125 0.4935518518518518 0.25013854166666666 0.3014009259259259 0.3545171875 0.3417527777777778
0 0.3665609375 0.5476277777777777 0.3693401041666667 0.7441703703703704 0.3591494791666667 0.7499342592592593 0.258321875 0.679387962962963 0.254153125 0.4946490740740741 0.356215625 0.5520203703703704
0 0.36702395833333334 0.5539416666666667 0.3699578125 0.755425 0.46800572916666666 0.8235009259259259 0.5890604166666668 0.7406018518518519 0.5913859375 0.5462555555555556 0.46770625 0.6096648148148148
0 0.5979020833333333 0.3346018518518519 0.5951302083333334 0.5354574074074074 0.6010697916666667 0.5399157407407408 0.706659375 0.4859472222222222 0.7102234374999999 0.29494722222222225 0.6031817708333332 0.33554074074074075
0 0.5944703125 0.5387425925925926 0.5905109374999999 0.7337314814814815 0.5977703125 0.7377203703703704 0.7000604166666666 0.6682657407407407 0.7033598958333334 0.4873555555555556 0.6002781250000001 0.5403851851851852
4 0.7007203125 0.6677962962962963 0.7015119791666666 0.6077277777777778 0.7543067708333333 0.6328351851851852 0.7520630208333333 0.7208259259259259 0.43625416666666667 0.9565546296296296 0.22764947916666667 0.7882611111111111 0.22671458333333333 0.6914407407407407 0.2580359375 0.67565 0.25826979166666664 0.6827148148148148 0.35854427083333335 0.7516935185185185 0.3681276041666666 0.7471231481481482 0.36766041666666666 0.7583425925925926 0.46676666666666666 0.8256601851851851