3 0.4876022375 0.5602531861111111 0.3845398151041667 0.5115348314814815 0.30886904322916664 0.5398605425925926 0.41140518177083335 0.5933126898148148 0.4876022375 0.5602531861111111
3 0.5587561625 0.5298488175925926 0.45678035729166666 0.4859787268518519 0.3884162302083333 0.5110974824074074 0.4918016005208333 0.5585095064814815 0.5587561625 0.5298488175925926
3 0.6287116265625 0.5005448675925925 0.5264833338541667 0.4596132185185185 0.46497378854166665 0.4832878324074074 0.5670131729166666 0.5251346055555555 0.6287116265625 0.5005448675925925
3 0.4180135859375 0.5953960768518519 0.49672665885416667 0.6352262638888888 0.6081748515625001 0.583648074074074 0.5298692697916667 0.5484337972222222 0.4180135859375 0.5953960768518519
3 0.7080161869791667 0.538336562962963 0.6299920703125 0.5069407083333333 0.534872071875 0.54638025 0.6146102479166667 0.5827444018518518 0.7080161869791667 0.538336562962963
2 0.7083199036458333 0.5390837722222221 0.6133442989583333 0.584362762037037 0.6098428697916667 0.5835177296296297 0.6096043989583334 0.624017225925926 0.6137695625 0.6261723694444444 0.7078462125 0.5781032444444444 0.7083199036458333 0.5390837722222221
2 0.706862859375 0.5805342083333334 0.6133598942708333 0.6273327287037037 0.6091035104166667 0.6269860685185185 0.6093896375 0.6667948796296296 0.613754 0.6685878268518518 0.70669105 0.6191946861111112 0.706862859375 0.5805342083333334
2 0.7060956114583333 0.6203650694444445 0.6128597625 0.6703015037037037 0.6091461286458333 0.6686739703703704 0.6091973807291667 0.7096578907407407 0.6139812447916667 0.7118323222222223 0.7067322364583333 0.6581985796296296 0.7060956114583333 0.6203650694444445
2 0.7064319932291667 0.6586413537037037 0.6135880885416667 0.7128248083333333 0.6091606682291667 0.7130551944444444 0.6088928630208332 0.7520810861111111 0.6142035572916666 0.7548245481481481 0.7063808854166667 0.6982266074074074 0.7064319932291667 0.6586413537037037
2 0.7063178286458334 0.7002499425925927 0.614423840625 0.7555672953703704 0.6092673083333333 0.7554065481481481 0.6088963 0.7944292212962963 0.614516065625 0.797181387962963 0.706672309375 0.7394785046296296 0.7063178286458334 0.7002499425925927
2 0.4181119078125 0.6382011657407407 0.49807752135416666 0.6821209990740741 0.6078011291666667 0.6277269351851852 0.6081073036458334 0.5853884518518518 0.49714083541666665 0.6366141842592593 0.41778136145833333 0.5949218185185186 0.4181119078125 0.6382011657407407
2 0.4192619770833333 0.6846040157407407 0.4970522729166667 0.72937705 0.6079765041666667 0.6720750305555556 0.6078986776041667 0.6311972675925925 0.4969641942708333 0.683712487037037 0.41807338541666667 0.639641025925926 0.4192619770833333 0.6846040157407407
2 0.6076249531250001 0.6729841546296297 0.4972383635416667 0.7314081509259259 0.41894072083333334 0.6862099601851852 0.4200792 0.7284502111111111 0.4984341640625 0.7767397712962963 0.6087631088541666 0.715367662962963 0.6076249531250001 0.6729841546296297
2 0.6083640911458333 0.7160604046296296 0.49794994427083333 0.7783499398148148 0.42022142864583334 0.7304492444444445 0.42135185468749997 0.7724641064814816 0.4993125265625 0.8216614592592593 0.60814311875 0.757481462037037 0.6083640911458333 0.7160604046296296
2 0.6084599374999999 0.7578597435185185 0.4986302479166667 0.8236654898148148 0.42126621875 0.7735192074074074 0.4219073307291667 0.8166705490740741 0.5001315338541666 0.8688224296296296 0.609082075 0.8002271657407407 0.6084599374999999 0.7578597435185185
2 0.41161600364583334 0.6340122564814815 0.4100280453125 0.5922017546296297 0.30817459062499997 0.5408157268518519 0.31049498385416663 0.5801502296296296 0.41161600364583334 0.6340122564814815
2 0.4124432427083333 0.6806618101851851 0.41201635677083337 0.6351727472222223 0.3084696979166666 0.5831617907407408 0.31006292500000004 0.6212456055555555 0.4124432427083333 0.6806618101851851
2 0.4125448760416666 0.7253146111111112 0.4112106390625 0.6807620018518519 0.3093950817708333 0.6226025861111111 0.31074715989583335 0.6641247787037037 0.4125448760416666 0.7253146111111112
2 0.41239375729166666 0.7688961805555555 0.41138748541666664 0.7253185342592593 0.30935433125 0.6641827638888889 0.31222732968750005 0.7043122370370369 0.41239375729166666 0.7688961805555555
2 0.412699253125 0.8121198574074073 0.4119270828125 0.7686862657407407 0.3108619921875 0.7055097879629629 0.3127114484375 0.7448426324074073 0.412699253125 0.8121198574074073
4 0.5002794697916666 1 0.7427615364583333 0.8231775407407408 0.7428001187500001 0.7352647203703704 0.7068828135416666 0.7169965148148147 0.7074431151041666 0.7387517675925925 0.6153789401041667 0.7981795379629629 0.6090938046875001 0.7953656953703704 0.6100736171875 0.7993072925925926 0.5009605296874999 0.8707786805555555 0.42139176822916663 0.8187290833333333 0.4208756083333334 0.8081027287037037 0.41219108177083336 0.8137571879629629 0.3125851651041666 0.7462965037037037 0.31186535781249997 0.7334338287037037 0.215119490625 0.777770112037037 0.2190104625 0.8730516703703703 0.3705523234375 1 0.5002794697916666 1