3 0.5381702609375 0.42075167314814815 0.6142499427083333 0.3936680907407408 0.49961563541666665 0.33990524814814815 0.422000503125 0.36278000555555556 0.5381702609375 0.42075167314814815
1 0.6294117895833333 0.30935423796296296 0.7167886260416666 0.28376677777777776 0.5980371666666666 0.23901253148148147 0.5084885614583333 0.25954158518518516 0.6294117895833333 0.30935423796296296
1 0.4056510208333333 0.2754074203703704 0.5058489677083333 0.25358254537037034 0.40445815520833334 0.21187136296296294 0.3051392072916667 0.22920689444444445 0.4056510208333333 0.2754074203703704
0 0.30513453333333335 0.22949186296296298 0.30641630416666665 0.41645701203703706 0.40402711614583336 0.47381594814814815 0.41951378802083333 0.4721136962962963 0.420870034375 0.35995986388888884 0.4999626635416667 0.33874494074074074 0.5050749901041667 0.3412199564814815 0.5066677348958334 0.2539440777777778 0.40804948645833333 0.27763010092592594 0.30513453333333335 0.22949186296296298
0 0.6230029838541667 0.5141758648148148 0.7105554838541667 0.476890262037037 0.7177424609374999 0.28414086851851855 0.6284080052083334 0.3112615037037037 0.5071890890625 0.2614213574074074 0.50604911875 0.3407388 0.6164462067708333 0.3941438027777778 0.6164716192708333 0.5104254425925926 0.6230029838541667 0.5141758648148148
0 0.6159402848958333 0.5118049055555555 0.6159579609375 0.5303762435185185 0.6180106796874999 0.5328531055555555 0.6168348276041667 0.6241670888888889 0.61403094375 0.7067583564814816 0.616717840625 0.7098649898148148 0.7033669541666666 0.6599256342592593 0.70970455625 0.4796679472222222 0.6232711614583334 0.5164858731481482 0.6159402848958333 0.5118049055555555
0 0.42184322395833335 0.6583812083333334 0.42171768125 0.4737484064814815 0.4064904864583333 0.4742785046296296 0.30627984739583336 0.415096075 0.30664957552083333 0.5931836175925926 0.40498249010416665 0.6665431240740741 0.42184322395833335 0.6583812083333334
2 0.42203245312500004 0.3626152564814815 0.42130750208333334 0.40681859537037035 0.5362905901041667 0.4681038287037037 0.6154569213541666 0.4394651009259259 0.615634303125 0.39521084814814816 0.5381544885416666 0.4213312037037037 0.42203245312500004 0.3626152564814815
2 0.6148054083333334 0.48756619351851854 0.6159606843750001 0.442187125 0.5384290817708333 0.4714652601851852 0.422652528125 0.4084031 0.42167373072916664 0.45136524351851853 0.5372698296874999 0.5170867351851852 0.6148054083333334 0.48756619351851854
2 0.6148380963541666 0.5357309037037037 0.6157315296875 0.4895982305555555 0.5391146276041667 0.5216365990740741 0.4232766088541667 0.45394668703703706 0.42273211197916666 0.49549069351851854 0.535639884375 0.5663135203703704 0.6148380963541666 0.5357309037037037
2 0.6161822046875 0.5791536611111111 0.6167625578125 0.5354233592592593 0.5403830635416667 0.5696734314814814 0.4247379619791667 0.49859608611111117 0.42401700208333337 0.5425560925925926 0.5378588619791667 0.6149252166666667 0.6161822046875 0.5791536611111111
2 0.6151635604166666 0.6245454333333333 0.6158964776041667 0.5798563537037037 0.5381010156249999 0.6178666212962962 0.423473640625 0.5432357574074074 0.4226240151041667 0.5866973175925926 0.5375012755208334 0.6628108611111111 0.6151635604166666 0.6245454333333333
2 0.6158083046874999 0.6698481638888889 0.6172134666666668 0.625951775 0.5385884494791667 0.6633984287037037 0.4252287026041667 0.5866957990740741 0.42424591458333333 0.629901274074074 0.5376586536458333 0.711716425 0.6158083046874999 0.6698481638888889
2 0.6130018302083333 0.7155601842592593 0.6141416953125 0.6711526472222222 0.5364228911458333 0.7118452268518519 0.4237717671875 0.6337490398148149 0.4231025796875 0.6745521935185186 0.5356620989583334 0.758233937037037 0.6130018302083333 0.7155601842592593
4 0.7872772723958333 0.6838000583333333 0.7039321588541667 0.6356216787037037 0.7034961203125001 0.6622088175925925 0.5352208614583333 0.7608393703703703 0.42159345885416666 0.6731646287037036 0.42273899427083333 0.6605123527777778 0.40383428020833334 0.6692950203703704 0.3050290510416667 0.5929838287037037 0.30559226302083337 0.5586424166666666 0.258744590625 0.575921500925926 0.2594040411458333 0.6691797027777777 0.5727776161458333 0.9317968796296296 0.785081475 0.7795671148148149 0.7872772723958333 0.6838000583333333