1 0.7647456635416667 0.7707574120370371 0.6747339104166666 0.7443487083333333 0.5593838442708333 0.7929548120370371 0.649249484375 0.8168718194444445 0.7647456635416667 0.7707574120370371
1 0.5554376130208334 0.8001307074074074 0.45655587760416666 0.7761185935185185 0.3600734677083333 0.8191527518518519 0.45900090000000004 0.8410059851851852 0.5554376130208334 0.8001307074074074
0 0.43449571666666664 0.5744829425925927 0.3407254989583333 0.6312204268518519 0.3596242526041667 0.8166835592592593 0.45740241822916666 0.7729969805555555 0.5575413364583334 0.7985834972222222 0.5362391192708333 0.6261595 0.48059939687500003 0.6063762657407407 0.47798142916666664 0.5871046342592592 0.43449571666666664 0.5744829425925927
0 0.477749925 0.5851755046296296 0.45602917604166665 0.39908800925925925 0.415360896875 0.38069490277777773 0.32292303333333333 0.45234872685185185 0.3411983614583333 0.6300728731481482 0.435980065625 0.5715925601851852 0.477749925 0.5851755046296296
0 0.7375545270833332 0.5778451148148148 0.6490347916666667 0.5377004842592593 0.6152188953125 0.5560610250000001 0.6180446083333333 0.5808776037037037 0.5393499125000001 0.6253723314814814 0.5586611390624999 0.7888372481481482 0.6768980057291666 0.7439094648148148 0.7654629624999999 0.7709818027777777 0.7375545270833332 0.5778451148148148
0 0.7370700796875 0.5763521657407408 0.7113002348958334 0.3895907074074074 0.6220084723958333 0.3386584175925926 0.5900501260416667 0.36105227037037035 0.6155196208333333 0.555482475 0.6495245093750001 0.5348830046296296 0.7370700796875 0.5763521657407408
6 0.6169672182291667 0.5806555583333334 0.5627326078125 0.5582954824074073 0.48208232916666666 0.6045637324074074 0.538000525 0.6250072685185185 0.6169672182291667 0.5806555583333334
5 0.6172016223958334 0.5803952175925926 0.6126538765625 0.5447123685185186 0.5566238791666667 0.5215654194444445 0.4780146895833333 0.5715560138888889 0.4826089296875 0.6045246370370371 0.5626534135416666 0.556751812037037 0.6172016223958334 0.5803952175925926
5 0.6110432166666667 0.5423631685185185 0.6069042572916667 0.5100867444444445 0.5519640260416666 0.4862782805555555 0.4724792609375 0.5351717148148148 0.4766620390625 0.5691388851851852 0.5572005161458333 0.5201672231481482 0.6110432166666667 0.5423631685185185
5 0.6075679265624999 0.508971925 0.6032784697916667 0.4727858990740741 0.5469821401041667 0.44830333518518517 0.46902420208333334 0.5001815814814815 0.4730783708333333 0.5339650740740741 0.5523428817708333 0.48411999074074075 0.6075679265624999 0.508971925
5 0.6024913953125 0.4711006194444445 0.5981840604166667 0.4383048583333333 0.5428162812499999 0.41181736018518517 0.46563882552083335 0.46576782499999997 0.469505346875 0.49975941203703705 0.5483320635416666 0.4462661796296296 0.6024913953125 0.4711006194444445
5 0.5981970208333334 0.4375291212962963 0.5938995026041667 0.4026015324074074 0.5386037229166667 0.3749465259259259 0.4609194244791667 0.43087249351851853 0.4645885625 0.4641030212962963 0.5440835619791666 0.40997956388888884 0.5981970208333334 0.4375291212962963
5 0.5948341171875 0.4033069212962963 0.5901382093750001 0.3686030703703704 0.5352908557291667 0.33936522314814815 0.45760310885416666 0.39703422222222223 0.46141341822916665 0.4296736574074074 0.5401054619791666 0.3732864240740741 0.5948341171875 0.4033069212962963
5 0.5903740260416667 0.3679083388888889 0.5861335671875001 0.333460512962963 0.5311840354166667 0.30248747685185184 0.45408850156249997 0.36243589722222225 0.45824829635416664 0.3962115490740741 0.5365352645833333 0.3373368388888889 0.5903740260416667 0.3679083388888889
4 0.5307131552083333 0.3010432333333333 0.5866631578125 0.3318847787037037 0.5901580776041667 0.35970387685185184 0.6216543229166667 0.3359861287037037 0.7105986166666667 0.388707625 0.71357815 0.40701536666666666 0.7667121848958334 0.3751122148148148 0.7531955161458334 0.2793757398148148 0.528175821875 0.12388972685185186 0.24726605156249998 0.384336525 0.2567426765625 0.47503861574074074 0.3280388036458334 0.5033826675925925 0.32243614895833334 0.4521954009259259 0.4131115484375 0.3762366944444444 0.4575474875 0.399020312962963 0.4529506078125 0.36201855370370367 0.5307131552083333 0.3010432333333333