0 0.34972990364583334 0.5611257611111111 0.248126390625 0.6091872657407407 0.24158062864583335 0.7927292972222223 0.3450394119791667 0.7611367777777778 0.4445281864583333 0.7990291685185186 0.4492756036458333 0.6099364407407407 0.34972990364583334 0.5611257611111111
0 0.35553096510416665 0.36537040092592593 0.2563232765625 0.42573064351851847 0.24981184114583332 0.6071753462962963 0.3497710963541667 0.5586089666666667 0.44742285781249996 0.6077414972222223 0.4525117307291667 0.42664302962962963 0.35553096510416665 0.36537040092592593
1 0.34479404010416664 0.7617002916666666 0.24037086197916666 0.794502387962963 0.34064248124999996 0.8278172444444445 0.44261743697916667 0.8003461787037037 0.34479404010416664 0.7617002916666666
3 0.4483687885416667 0.6653412675925926 0.46712437447916666 0.673448412962963 0.5311702385416667 0.6493147731481481 0.44997600833333334 0.6104278657407408 0.4483687885416667 0.6653412675925926
2 0.4492331234375 0.5692469879629629 0.4495315708333333 0.6087255916666666 0.5322362197916667 0.6478488777777778 0.5328335119791666 0.6113553555555555 0.4492331234375 0.5692469879629629
2 0.45100762291666663 0.5185413787037036 0.4503691536458333 0.5575507666666666 0.5414320208333333 0.6064122824074074 0.541790971875 0.5689969740740741 0.45100762291666663 0.5185413787037036
2 0.4521660651041667 0.4766192111111111 0.4508060005208333 0.5164318444444445 0.5424655796875 0.5649220925925926 0.544053103125 0.5317508583333334 0.4521660651041667 0.4766192111111111
2 0.45173030833333333 0.44552992222222226 0.45124972864583335 0.47489252685185185 0.536007340625 0.526819962962963 0.5361509177083333 0.4952374944444444 0.45173030833333333 0.44552992222222226
6 0.45476448124999996 0.34671711759259255 0.5075024479166667 0.38470917685185185 0.5989862203125 0.33494478888888884 0.5472361874999999 0.2939850333333333 0.45476448124999996 0.34671711759259255
5 0.5482916479166666 0.25835485185185186 0.4543424557291667 0.31478889722222225 0.45525697656249997 0.3454831305555556 0.5470277 0.2922949648148148 0.600421990625 0.33375959537037037 0.5991150645833333 0.29792808981481483 0.5482916479166666 0.25835485185185186
4 0.7506931015625 0.4075927194444444 0.7491915994791667 0.3117958796296296 0.5432431697916668 0.13405477592592593 0.22186713020833335 0.3526504148148148 0.22063389270833333 0.44242736666666665 0.253608146875 0.4617655398148148 0.25490642239583333 0.4257280981481481 0.3560222885416667 0.3642080296296296 0.45324588385416664 0.4250724675925926 0.45268039374999997 0.44519462037037033 0.5359281203125 0.49442170092592597 0.5367423979166667 0.5035676990740741 0.7506931015625 0.4075927194444444