1 0.6407819817708333 0.7335526879629629 0.56031425 0.677252175925926 0.4385300645833333 0.6822738916666667 0.5195519119791666 0.7355033907407408 0.6407819817708333 0.7335526879629629
1 0.555624525 0.6738889148148148 0.46256496302083333 0.6121714898148148 0.3397371 0.6226957138888889 0.434035503125 0.6819999268518518 0.555624525 0.6738889148148148
6 0.47830950260416666 0.7314372879629629 0.43436025156249997 0.7023580175925925 0.361589684375 0.7040059435185185 0.4055626916666667 0.7325409851851852 0.47830950260416666 0.7314372879629629
3 0.34009574531250003 0.6109495101851852 0.34858634739583333 0.5532197990740741 0.25041252760416666 0.5687042435185186 0.32282483229166664 0.613720587037037 0.34009574531250003 0.6109495101851852
2 0.3479804916666666 0.5529119314814815 0.3544269515625 0.5102705518518518 0.2563240703125 0.5292362009259259 0.2502183125 0.5684823101851852 0.3479804916666666 0.5529119314814815
2 0.355240384375 0.510087737962963 0.36162487604166665 0.4680675657407407 0.26267837083333334 0.48822650462962963 0.255867478125 0.5276852935185186 0.355240384375 0.510087737962963
2 0.36213104322916667 0.4670523240740741 0.3685911364583333 0.4251148324074074 0.2689900609375 0.44672181574074077 0.2628547473958333 0.4869776240740741 0.36213104322916667 0.4670523240740741
2 0.37037212239583334 0.42206824537037035 0.3762053036458333 0.3831550574074074 0.27648573593750003 0.4079874342592592 0.26981383854166663 0.4464657537037037 0.37037212239583334 0.42206824537037035
2 0.377074334375 0.38098517037037033 0.38264526354166667 0.33914872777777777 0.28169466249999997 0.3679175361111111 0.275712646875 0.4078845805555556 0.377074334375 0.38098517037037033
2 0.38283255677083333 0.33720082777777777 0.38785890781250004 0.2982487277777778 0.2869262911458333 0.3300769962962963 0.28126146875 0.3677980712962963 0.38283255677083333 0.33720082777777777
2 0.38481038854166666 0.29433639351851854 0.391293490625 0.255601487037037 0.2900772317708334 0.29183197685185186 0.28452316041666664 0.32797215555555553 0.38481038854166666 0.29433639351851854
5 0.36168268072916665 0.7039431231481481 0.43608760572916666 0.7025689796296296 0.47869991666666667 0.7285760675925926 0.4813051255208334 0.7126198574074074 0.4384408927083333 0.68590595 0.41874439479166664 0.6729639046296296 0.3661724885416667 0.6751414157407407 0.36168268072916665 0.7039431231481481
0 0.6399970130208333 0.7308125148148148 0.662207034375 0.5421276990740741 0.5852868302083334 0.4746502907407407 0.5826706791666666 0.47626892129629633 0.556809075 0.6762940925925925 0.5607124411458333 0.6768302324074074 0.6399970130208333 0.7308125148148148
0 0.5563867729166667 0.673156423148148 0.5826714984375 0.4713340009259259 0.4920960921875 0.3946105888888889 0.3691690651041667 0.4228171027777778 0.33904518333333333 0.6220292685185185 0.4638002901041667 0.6114286768518519 0.5563867729166667 0.673156423148148
0 0.585026784375 0.47213954074074077 0.6112082239583334 0.2757802685185185 0.524656578125 0.18563218888888888 0.40077954947916666 0.23085923703703704 0.37160220208333333 0.42125834814814817 0.4968421109375 0.39243020277777774 0.585026784375 0.47213954074074077
0 0.6110604651041667 0.2787959240740741 0.5858703932291667 0.4734518712962963 0.6646374729166666 0.5416602472222222 0.6870363791666667 0.3569952342592592 0.6110604651041667 0.2787959240740741
4 0.4002024015625 0.23013216851851853 0.52456664375 0.18504043518518518 0.6868868171875 0.3552360101851852 0.6843740406250001 0.3805039268518518 0.771885740625 0.3640320574074074 0.7828058333333333 0.2683929759259259 0.6049042687499999 0.04594636666666667 0.2638951583333333 0.19400865648148147 0.2501990640625 0.2804216611111111 0.2837778901041667 0.30822390925925924 0.2870196755208333 0.3056971814814815 0.2894178322916667 0.288716437962963 0.3904321614583333 0.25282123055555555 0.3959710786458333 0.25938947037037036 0.4002024015625 0.23013216851851853