4 0.5646957447916667 0.7414601083333333 0.5628619552083334 0.7544503675925925 0.4883998947916667 0.7654253351851852 0.4710708791666667 0.7441356462962964 0.4663955109375 0.7720020055555555 0.35784526979166664 0.7883082611111111 0.2647853625 0.6681278916666666 0.2716244348958333 0.6147071935185185 0.18611357708333334 0.6170559166666667 0.17403611093750002 0.7141700777777777 0.35206820729166666 0.9680486027777777 0.6925488000000001 0.8773386435185185 0.7068275932291667 0.7918190990740741 0.6436918052083332 0.7293444833333333 0.6413906546875 0.7386702203703703 0.5727729005208333 0.7504549185185185 0.5646957447916667 0.7414601083333333
0 0.49494532395833335 0.5836498203703704 0.38672770677083335 0.5861162333333334 0.28916601875 0.48020297962962966 0.2649523182291667 0.6678131259259259 0.35865278802083334 0.7882630592592593 0.4661862984375 0.771590862962963 0.49494532395833335 0.5836498203703704
1 0.38660691666666663 0.5861956583333333 0.4944086645833333 0.5829580509259259 0.39603474791666665 0.48397980277777775 0.29031003697916663 0.48037819444444446 0.38660691666666663 0.5861956583333333
2 0.5873938156249999 0.5965730185185185 0.5147648734375 0.5996970953703704 0.49529835833333336 0.5818432111111111 0.489115671875 0.6245277712962963 0.5090099510416667 0.6415221712962963 0.581239784375 0.6363114472222222 0.5873938156249999 0.5965730185185185
2 0.581105734375 0.6372028814814815 0.5079529473958334 0.6426280472222222 0.4887704703125 0.6256408787037037 0.4829620098958333 0.6642673296296296 0.5017869312500001 0.6836322555555556 0.5752078177083334 0.6764242222222222 0.581105734375 0.6372028814814815
2 0.5744070635416667 0.6770121074074075 0.5018193052083333 0.684599462962963 0.48258663697916665 0.6655846537037037 0.476807978125 0.7040057583333333 0.4961213296875 0.7248633425925926 0.5689883984375 0.7142289046296296 0.5744070635416667 0.6770121074074075
2 0.5680535942708332 0.7157082259259259 0.4942301895833333 0.725589437037037 0.4763768609375 0.7052996222222223 0.4711217177083334 0.7430056546296296 0.4883770005208333 0.7645133314814815 0.5620012385416667 0.753588012962963 0.5680535942708332 0.7157082259259259
5 0.6672054609375 0.5954489305555555 0.5976464932291666 0.5971133564814814 0.58892685625 0.5895494925925926 0.5842867385416667 0.6196037574074074 0.5920766630208333 0.628229675 0.662692634375 0.625459375 0.6672054609375 0.5954489305555555
5 0.6617573260416666 0.6269384666666666 0.5923324078125 0.6277114574074074 0.5840795739583334 0.6209957453703703 0.5795628947916666 0.649834975 0.5875516171875 0.6595038722222222 0.6579030328125001 0.6537557185185185 0.6617573260416666 0.6269384666666666
5 0.6564296838541667 0.6536994018518518 0.5869764010416667 0.659233337037037 0.5795768447916667 0.6503943722222222 0.5745216598958333 0.680782938888889 0.5821943630208334 0.6888840527777778 0.651573453125 0.6811560037037038 0.6564296838541667 0.6536994018518518
5 0.651588021875 0.6815966240740741 0.58216825625 0.6895951592592593 0.5742961427083333 0.6812112240740741 0.5695920328124999 0.7119526231481481 0.5770025510416666 0.7196472814814815 0.6467614682291667 0.7099308712962963 0.651588021875 0.6815966240740741
5 0.6462616140624999 0.7105674231481481 0.5764730208333333 0.719406187037037 0.5691397093749999 0.7122766833333334 0.5642250864583332 0.7411930101851852 0.57180716875 0.7488217583333333 0.6414404916666666 0.7383280555555556 0.6462616140624999 0.7105674231481481
6 0.6159243375 0.5512914712962963 0.5740292395833334 0.5127746962962962 0.5049586395833333 0.5112846314814815 0.5475842937500001 0.5515723296296297 0.6159243375 0.5512914712962963
3 0.4179567770833333 0.502844137962963 0.5152341453125 0.5997763324074074 0.5861804880208333 0.5958410453703704 0.48917434375 0.5044187731481482 0.4179567770833333 0.502844137962963
6 0.6670533625 0.594876562962963 0.6207613182291667 0.553349712962963 0.5521983885416667 0.5543961064814815 0.5970827317708333 0.5968633981481481 0.6670533625 0.594876562962963