0 0.5239859375 0.28887222222222225 0.5223421875 0.4772055555555555 0.6221541666666667 0.5206351851851851 0.7224359375 0.46760092592592595 0.7259588541666666 0.2846962962962963 0.6235635416666666 0.3214444444444445
0 0.5242208333333334 0.4792935185185185 0.5221072916666667 0.6596925925925926 0.6195708333333333 0.71565 0.7172692708333333 0.6505055555555556 0.7207921875000001 0.4696888888888889 0.6221541666666667 0.5231407407407407
1 0.5258651041666667 0.2874638888888889 0.6268515625000001 0.2548916666666667 0.7271333333333333 0.2828703703703704 0.6237984375 0.3208712962962963
3 0.44024114583333335 0.44225 0.5216375 0.4767527777777778 0.5223421875 0.4220481481481482 0.5035541666666666 0.41494907407407405
2 0.4392046875 0.44376296296296297 0.4392046875 0.4800935185185185 0.523046875 0.5176768518518519 0.5221072916666667 0.4784231481481481
2 0.43073229166666666 0.4854527777777778 0.43098437500000003 0.522687962962963 0.5221072916666667 0.5682046296296296 0.5221072916666667 0.5293694444444444
2 0.4303796875 0.5267759259259259 0.429340625 0.5598527777777778 0.5216375 0.6099638888888889 0.5223421875 0.5702925925925927
2 0.43742395833333336 0.5643435185185185 0.4377953125 0.5957657407407407 0.5225770833333333 0.6408657407407408 0.5225770833333333 0.6116342592592593
6 0.37790312499999995 0.7584407407407407 0.4300453125 0.7965203703703704 0.5211677083333334 0.7393101851851852 0.46809114583333333 0.7042333333333334
5 0.37649427083333337 0.7596935185185185 0.37837760416666666 0.7952675925925926 0.42957552083333334 0.8320157407407407 0.5221072916666667 0.7710472222222222 0.5206979166666666 0.740562962962963 0.43028020833333336 0.7981907407407408
4 0.4370713541666667 0.5875101851851852 0.43803020833333334 0.5965657407407408 0.5216375 0.6412481481481481 0.5214026041666666 0.6612925925925927 0.6191010416666667 0.7168314814814815 0.7186786458333334 0.6504351851851852 0.7193833333333333 0.6145222222222222 0.7524973958333334 0.6320611111111111 0.7527322916666667 0.721425 0.43662083333333335 0.9553962962962963 0.228871875 0.7891953703703704 0.22581875 0.6939842592592593