6 0.5897302536458333 0.4482367685185185 0.6688618015625 0.4336448166666667 0.6133269119791667 0.4002425712962963 0.5341594317708334 0.415673675 0.5897302536458333 0.4482367685185185
6 0.5205186916666666 0.41002602407407407 0.6023332453125001 0.39985671944444445 0.5558054375 0.3685057694444444 0.4741923072916666 0.3795682814814815 0.5205186916666666 0.41002602407407407
6 0.4642368390625 0.37730099907407405 0.5474016291666667 0.3691329407407407 0.5062179911458333 0.34154016111111113 0.4218684963541667 0.3494384111111111 0.4642368390625 0.37730099907407405
6 0.4165782046875 0.34442197314814815 0.49616937552083334 0.3358632546296297 0.4524536135416667 0.3115063444444444 0.3734085005208333 0.3184947546296296 0.4165782046875 0.34442197314814815
5 0.6674428515625 0.4667825611111111 0.669281596875 0.4350109601851852 0.5908615598958333 0.4497658814814815 0.5353087239583334 0.4167827527777778 0.5327404432291667 0.44881233981481483 0.5857611947916667 0.4850304185185185 0.6674428515625 0.4667825611111111
5 0.6656276833333333 0.5048500398148148 0.6679521020833333 0.47097094166666664 0.5869535354166667 0.484999412037037 0.5328813239583333 0.44929454074074077 0.5305077098958333 0.48432253240740747 0.584139053125 0.5201209657407407 0.6656276833333333 0.5048500398148148
5 0.6632868531249999 0.5391124083333333 0.66548686875 0.5055910583333334 0.586079475 0.5232691555555555 0.5306504984375 0.4860951962962963 0.5288155453125 0.5187335564814816 0.5827735135416667 0.5571186833333334 0.6632868531249999 0.5391124083333333
5 0.6606782723958333 0.5719606611111112 0.6624722161458333 0.5402800175925926 0.5837222729166667 0.5579138759259259 0.5286337609375 0.520431374074074 0.52693396875 0.555032774074074 0.5827715104166666 0.5928798296296296 0.6606782723958333 0.5719606611111112
5 0.6584700708333333 0.605673187037037 0.6611702708333334 0.5732328074074075 0.5822481828124999 0.5948868722222221 0.5278580911458334 0.5564033324074075 0.5257236432291666 0.5883934370370371 0.57853365625 0.6280633027777778 0.6584700708333333 0.605673187037037
5 0.6558620098958333 0.6385215592592592 0.6582964333333333 0.6071807472222223 0.5806988463541667 0.6310696416666667 0.5253252770833333 0.5900419296296296 0.5230254166666667 0.6233474999999999 0.5771338791666667 0.6633130768518518 0.6558620098958333 0.6385215592592592
5 0.5220480833333333 0.6563742175925925 0.5757253567708334 0.6987548287037038 0.6536455822916667 0.6724261796296297 0.6558128140625 0.6396704518518519 0.65592903125 0.6395038787037036 0.5789319932291667 0.6646896398148149 0.5237744859375 0.6237111351851852 0.5220480833333333 0.6563742175925925
5 0.651627390625 0.7042487925925927 0.6532881864583333 0.6731178740740741 0.5759255661458333 0.6991865046296297 0.5216154401041667 0.656275687037037 0.5198890770833333 0.6889378509259259 0.5727926833333333 0.7315292722222222 0.651627390625 0.7042487925925927
5 0.6489440822916667 0.7363069398148149 0.6504886609375 0.7053425925925926 0.5724271015625 0.7324121425925927 0.520089246875 0.6893704462962963 0.5174888916666667 0.7220266046296296 0.5712583036458334 0.7648152064814815 0.6489440822916667 0.7363069398148149
5 0.6467753963541667 0.7665491018518519 0.6480296005208334 0.7372587703703704 0.5711763249999999 0.7667297222222221 0.5175564322916667 0.7230090435185186 0.5157957921874999 0.7539241842592592 0.5695579927083333 0.7994164888888889 0.6467753963541667 0.7665491018518519
5 0.5320517703125 0.443841562037037 0.5341342520833333 0.4099296388888889 0.5204619338541667 0.4103472064814815 0.47246288333333336 0.37841246666666667 0.46998660000000003 0.40926114537037034 0.5177792911458333 0.44356559999999995 0.5320517703125 0.443841562037037
5 0.5301051682291666 0.47704196851851854 0.5321167307291667 0.44478628981481483 0.5199731046875 0.44629539444444444 0.4706865890625 0.41499645 0.469450503125 0.44631318981481477 0.518530659375 0.47998185092592593 0.5301051682291666 0.47704196851851854
5 0.5278464583333333 0.5101703685185186 0.5299067192708333 0.4792269435185185 0.5184597 0.4816390129629629 0.46993935729166664 0.4471688407407407 0.4684240807291667 0.4800943916666667 0.5166721911458334 0.5135735601851852 0.5278464583333333 0.5101703685185186
5 0.5263015302083333 0.5462501972222222 0.5286405015625 0.5136969240740741 0.5182968875 0.5148725777777777 0.46886566875 0.48205389907407403 0.4677098057291667 0.5139466824074074 0.5168701848958334 0.548191387962963 0.5263015302083333 0.5462501972222222
5 0.5254755072916667 0.5802626537037037 0.5257200140625 0.550020325925926 0.5185992765624999 0.5495141805555556 0.46803912708333334 0.5160662379629629 0.4667799078125 0.5479354824074074 0.5151648494791666 0.5831182092592593 0.5254755072916667 0.5802626537037037
5 0.5234259421874999 0.6158553972222223 0.5244917989583333 0.5811532425925926 0.5156610953125 0.5837889990740741 0.4666833838541667 0.5477278851851851 0.4649037458333333 0.5794786083333333 0.51487446875 0.6168814240740741 0.5234259421874999 0.6158553972222223
5 0.5223179046875 0.646643525 0.5231059239583333 0.6159681314814814 0.5147306781250001 0.6177776814814815 0.46532764010416666 0.5793895324074073 0.4641565536458333 0.6116500796296296 0.5134556765625 0.6500154916666667 0.5223179046875 0.646643525
5 0.519316675 0.6823907638888889 0.5209668328125 0.6487525407407407 0.514016403125 0.6516299722222222 0.4653178822916667 0.6139600462962963 0.4635698078125 0.6449736407407408 0.5131652958333334 0.6837787055555555 0.519316675 0.6823907638888889
5 0.5177624427083333 0.7162383046296297 0.5187410786458334 0.6835608398148149 0.5134380473958333 0.6847698287037037 0.46488283750000003 0.6462026064814815 0.46291858125 0.6773535101851852 0.512370278125 0.7170548342592592 0.5177624427083333 0.7162383046296297
5 0.5156154807291666 0.749206537962963 0.516731428125 0.7182336685185186 0.5125878526041666 0.7193345546296296 0.46411934479166667 0.6787425240740741 0.462195003125 0.708973512962963 0.5103921916666666 0.7509905324074074 0.5156154807291666 0.749206537962963
5 0.4693786067708333 0.40875052037037035 0.4711911609375 0.3786806157407407 0.4643668286458333 0.37861320555555555 0.4220971739583333 0.3477967490740741 0.4199817359375 0.38002877222222226 0.46158626875 0.40920697222222224 0.4693786067708333 0.40875052037037035
5 0.4682306151041667 0.44045948055555556 0.46930116875 0.4130085361111111 0.460683303125 0.41067372314814815 0.41392636145833334 0.38162419444444445 0.41174648281250004 0.41291160648148145 0.4595766578125 0.4438788805555555 0.4682306151041667 0.44045948055555556
5 0.4150727807291667 0.4480562675925926 0.46237518541666667 0.47908896018518515 0.46784566145833334 0.47643132685185186 0.46844170989583334 0.44534005555555556 0.4683220526041667 0.44568496296296295 0.4643138765625 0.4460732953703704 0.4164600479166667 0.4156584092592593 0.4150727807291667 0.4480562675925926
5 0.46606145572916663 0.5132000527777778 0.467776653125 0.48050471944444445 0.41887463593749996 0.4500367314814815 0.41746967447916666 0.4803860055555555 0.46606145572916663 0.5132000527777778
5 0.4649548109375 0.5464052101851852 0.46646173645833333 0.5136624444444444 0.41929473125 0.48191719722222215 0.4175939244791667 0.5118269351851852 0.4649548109375 0.5464052101851852
5 0.4643193666666667 0.5784165148148148 0.4652112609375 0.5477647787037037 0.41898721614583334 0.5136310268518518 0.41776687291666664 0.5445801203703704 0.4643193666666667 0.5784165148148148
5 0.46332450781249995 0.611460587962963 0.46415192239583336 0.5798651611111111 0.41793574895833335 0.5455475861111111 0.41650574166666665 0.5740322175925926 0.46332450781249995 0.611460587962963
5 0.4620081598958333 0.6422022018518518 0.4635336520833333 0.6139249324074073 0.41721217083333334 0.5771675898148149 0.4166161213541667 0.6082588611111112 0.4620081598958333 0.6422022018518518
5 0.46164494739583334 0.6752045111111111 0.46259253906250003 0.6432642953703704 0.41658459739583337 0.6089950712962964 0.41495470989583333 0.6372485657407407 0.46164494739583334 0.6752045111111111
5 0.45973778020833334 0.7074839657407407 0.4613662359375 0.6768143601851853 0.41602011197916666 0.6393492138888889 0.4145098432291666 0.6672587194444445 0.45973778020833334 0.7074839657407407
5 0.41628493333333333 0.3776648064814815 0.41815916354166666 0.3464729824074074 0.37358766302083335 0.32011607314814816 0.37239008697916665 0.3501905342592593 0.41628493333333333 0.3776648064814815
5 0.4121057135416667 0.4081720574074074 0.4146982234375 0.37698511481481484 0.3726161098958333 0.35119514444444444 0.3714180145833333 0.38126948796296295 0.4121057135416667 0.4081720574074074
5 0.4142340302083333 0.4423404037037037 0.4151810770833333 0.41602235555555556 0.411733928125 0.414760262962963 0.4116207052083333 0.4090147361111111 0.37241123125000003 0.38324325555555555 0.3709394447916667 0.41341396851851847 0.4142340302083333 0.4423404037037037
5 0.41406905104166664 0.4734444657407407 0.41490464166666663 0.44344626574074075 0.3718842671875 0.4144235787037037 0.37014603854166667 0.444533612037037 0.41406905104166664 0.4734444657407407
5 0.41405029583333336 0.5074412342592592 0.4140573171875 0.4758250962962963 0.3704406463541667 0.44603087314814815 0.3692143848958333 0.47466863518518515 0.41405029583333336 0.5074412342592592
5 0.4119091041666667 0.5385722611111111 0.41348268489583334 0.5081064 0.370022725 0.4767589990740741 0.3693585520833333 0.5069549398148149 0.4119091041666667 0.5385722611111111
5 0.4112456583333334 0.570833337962963 0.4131889927083333 0.5401342833333332 0.36993358020833333 0.508198662962963 0.36870731927083333 0.5368364240740741 0.4112456583333334 0.570833337962963
5 0.4109856546875 0.6020744601851852 0.41225906562500003 0.5723355999999999 0.369022675 0.5378613796296297 0.36775599427083333 0.5674430703703705 0.4109856546875 0.6020744601851852
5 0.41039079322916666 0.6348281888888889 0.41170462239583333 0.604145399074074 0.36925513645833336 0.5701677916666666 0.36787816718750005 0.598136425925926 0.41039079322916666 0.6348281888888889
5 0.41015770989583333 0.665440637037037 0.41066569114583334 0.6367979935185185 0.36853583802083334 0.5995567435185185 0.3672758875 0.6289812657407408 0.41015770989583333 0.665440637037037
4 0.5544452765625 1 0.7617242223958333 0.8840042333333333 0.7689778395833333 0.7888632944444445 0.6520386817708334 0.7014533564814814 0.6475882807291666 0.768251637037037 0.5704986692708334 0.8010618157407408 0.5129881046875 0.751666187037037 0.5093062875 0.7522346462962963 0.41381794166666663 0.6680217962962962 0.4132551265625 0.6643984805555555 0.4098570598958334 0.6661665999999999 0.36628387760416664 0.6290736731481482 0.3676615604166667 0.5801325111111111 0.2443373203125 0.6086098750000001 0.2421918859375 0.696461237037037 0.5434133463541666 1 0.5544452765625 1