6 0.2828380208333333 0.5327527777777779 0.3565244791666667 0.574025 0.41365625 0.5484185185185185 0.34073177083333334 0.5075314814814815
6 0.3645197916666667 0.5782675925925926 0.4468671875 0.6268888888888888 0.5023739583333333 0.5959138888888889 0.4206239583333333 0.5500703703703704
6 0.42913385416666666 0.5493694444444444 0.5123604166666667 0.5930231481481482 0.5620604166666666 0.5632861111111112 0.48123958333333333 0.5223990740740742
6 0.49009010416666665 0.5175814814814815 0.5715828125000001 0.5587435185185186 0.6198895833333334 0.5331370370370371 0.5374427083333334 0.4951407407407407
6 0.4084083333333333 0.47929166666666667 0.48100729166666667 0.5157907407407407 0.5297786458333333 0.4914240740740741 0.4573182291666667 0.4596222222222222
6 0.40190624999999996 0.48434907407407407 0.47334322916666666 0.5203342592592592 0.42108854166666665 0.5451148148148148 0.34723437500000004 0.5046398148148148
5 0.2820255208333334 0.533475925925926 0.2842963541666667 0.5684138888888889 0.3579177083333333 0.608887962962963 0.35582760416666664 0.5746092592592592
5 0.28405729166666666 0.5695981481481482 0.285921875 0.6043453703703704 0.3583822916666667 0.6456453703703704 0.3567567708333333 0.6064101851851852
5 0.2864953125 0.6071648148148149 0.2863864583333333 0.6406898148148149 0.35977552083333336 0.6795120370370371 0.3583822916666667 0.6439935185185186
5 0.28608906250000005 0.6403981481481481 0.2868510416666667 0.6679481481481482 0.3600078125 0.7137907407407408 0.35907916666666667 0.6766203703703704
5 0.28730833333333333 0.6685731481481482 0.2882442708333333 0.7016935185185185 0.3586145833333333 0.7471231481481482 0.3583822916666667 0.7128444444444444
5 0.36411354166666665 0.5797120370370371 0.3630270833333333 0.6133101851851852 0.4459385416666667 0.6636972222222223 0.5046963541666667 0.6314824074074074 0.5042317708333334 0.594725 0.44454479166666666 0.6281787037037037
5 0.3645197916666667 0.6151120370370371 0.364653125 0.6504805555555555 0.44570624999999997 0.7008666666666667 0.5051609375 0.666587962962963 0.5044640625 0.6331342592592593 0.44617083333333335 0.6624574074074073
5 0.3645197916666667 0.6497898148148148 0.364653125 0.6822824074074074 0.4477963541666667 0.7372111111111112 0.5049286458333333 0.7008666666666667 0.5044640625 0.6694787037037038 0.4477963541666667 0.7016935185185185
5 0.36533229166666664 0.685912037037037 0.36534947916666666 0.7194518518518519 0.4477963541666667 0.7735555555555556 0.5049286458333333 0.7392768518518519 0.5049286458333333 0.7037583333333333 0.4470994791666667 0.7401027777777778
5 0.36533229166666664 0.7205898148148148 0.3662786458333333 0.7553833333333333 0.44872552083333334 0.810312962962963 0.5053932291666666 0.7731425925925927 0.5037671874999999 0.7405157407407407 0.44872552083333334 0.7752074074074075 0.36488489583333333 0.7194518518518519
5 0.5105026041666666 0.5972027777777779 0.5107348958333333 0.6281787037037037 0.5643833333333333 0.5972027777777779 0.5634541666666667 0.5654018518518519
5 0.512034375 0.6281166666666667 0.5109666666666667 0.6612185185185185 0.5650796875 0.6327212962962964 0.5634541666666667 0.5996814814814815
5 0.5091895833333333 0.6664055555555555 0.5088765625 0.697562962962963 0.5629895833333334 0.6686527777777778 0.5639187499999999 0.6331342592592593
5 0.5086442708333333 0.6996277777777777 0.5084119791666667 0.7347333333333332 0.5634541666666667 0.7016935185185185 0.5636864583333333 0.6703046296296296
5 0.5086442708333333 0.7363851851851853 0.5091088541666667 0.7714907407407408 0.5629895833333334 0.7351462962962962 0.5627572916666667 0.7037583333333333
5 0.5677078125 0.5602064814814816 0.56833125 0.5922472222222221 0.6217473958333334 0.5662277777777778 0.619425 0.5352527777777778
5 0.5680989583333333 0.5910083333333334 0.5687958333333333 0.6290046296296297 0.5722796875 0.6273527777777779 0.6212828125000001 0.5996814814814815 0.6198895833333334 0.5674666666666667
5 0.5685635416666667 0.6298305555555556 0.5680989583333333 0.6628703703703703 0.620121875 0.635612962962963 0.6203541666666667 0.6029851851851852
5 0.5685635416666667 0.6649361111111111 0.5685635416666667 0.695911111111111 0.6187281250000001 0.6653490740740741 0.6203541666666667 0.634786111111111
5 0.5673015625000001 0.6953037037037036 0.5687958333333333 0.7306037037037038 0.6198895833333334 0.696324074074074 0.619425 0.6653490740740741
3 0.451484375 0.44533703703703703 0.5188630208333334 0.4743194444444444 0.5362817708333334 0.46399444444444443 0.5362817708333334 0.45821203703703706 0.6029359375 0.427237037037037 0.5439458333333334 0.4041092592592592
2 0.45104791666666666 0.4474740740740741 0.450815625 0.46192962962962963 0.45894427083333333 0.45697314814814816 0.516540625 0.4854703703703704 0.5297786458333333 0.49207870370370377 0.5323333333333333 0.4974481481481482 0.5365140625 0.4933175925925926 0.5360494791666667 0.46564629629629634 0.5177020833333333 0.4751453703703704
1 0.5364171875 0.4590638888888889 0.6539734374999999 0.5073601851851851 0.7322395833333334 0.46399444444444443 0.6170463541666666 0.4218675925925926
0 0.5373864583333333 0.4602777777777778 0.6562958333333333 0.5098379629629629 0.7343296875 0.4681240740740741 0.7303817708333333 0.6453027777777778 0.6511864583333333 0.6936240740740741 0.6223880208333333 0.672561111111111 0.6212265625000001 0.530487962962963 0.5359932291666667 0.4929046296296296
4 0.2864364583333333 0.6642898148148149 0.28777604166666665 0.7036046296296297 0.3576729166666667 0.7500675925925926 0.3654885416666667 0.7464935185185185 0.3650421875 0.7584074074074074 0.44933333333333336 0.8124148148148148 0.5058312500000001 0.7754833333333334 0.6220265625 0.6976481481481481 0.6202401041666668 0.680174074074074 0.6521739583333334 0.6968537037037037 0.7326036458333333 0.6416537037037037 0.7326036458333333 0.6221953703703704 0.7551578125 0.6309314814814815 0.752478125 0.725049074074074 0.43513385416666667 0.9577685185185186 0.2286416666666667 0.7878018518518519 0.2257390625 0.6909046296296296