1 0.399053125 0.4536037037037037 0.400578125 0.5320712962962962 0.3923359375 0.5346759259259259 0.3082651041666667 0.4894157407407407
0 0.30661666666666665 0.49072499999999997 0.31082916666666666 0.6753453703703705 0.3958161458333333 0.7306990740740741 0.3989296875 0.7287453703703703 0.3965484375 0.645062962962963 0.39874635416666665 0.6431092592592592 0.3978307291666667 0.5542175925925925 0.4003947916666667 0.5525898148148148 0.4002119791666667 0.5333787037037037 0.39306875 0.5363083333333333
2 0.399315625 0.41438703703703705 0.39976927083333336 0.4596074074074074 0.47335677083333333 0.49643055555555554 0.5950692708333333 0.44674074074074077 0.5954973958333334 0.4022074074074074 0.47324427083333337 0.4494046296296297
3 0.39981822916666665 0.4136888888888889 0.52043125 0.3723148148148148 0.5948817708333334 0.4018027777777778 0.47362604166666666 0.4491203703703704
2 0.4000755208333333 0.46169814814814814 0.4003322916666667 0.5071870370370369 0.476840625 0.5455898148148148 0.5946244791666667 0.49164259259259263 0.5950104166666667 0.4472962962962963 0.475940625 0.4985
2 0.40073854166666667 0.5097009259259259 0.40073854166666667 0.5540481481481481 0.4778895833333333 0.5947370370370371 0.5936161458333333 0.5362175925925926 0.593359375 0.4921 0.4785328125 0.5483333333333333
2 0.3986390625 0.5564898148148149 0.3990671875 0.6009092592592592 0.47686093749999997 0.6434268518518518 0.5910447916666667 0.5810212962962963 0.5913015625 0.5378175925925925 0.4762182291666667 0.597937037037037
2 0.399153125 0.6029712962962962 0.399453125 0.645487037037037 0.47608958333333334 0.6928055555555556 0.5918161458333333 0.6267425925925926 0.5918161458333333 0.5830824074074075 0.47570364583333336 0.6468592592592592
2 0.3978671875 0.6479287037037037 0.3984239583333334 0.6916611111111112 0.475575 0.7392083333333334 0.5889875 0.6699453703703704 0.5897588541666666 0.6281129629629629 0.4742895833333333 0.6941759259259259
2 0.39919583333333336 0.6937222222222222 0.399453125 0.7369259259259259 0.47518958333333333 0.7872157407407407 0.5901447916666667 0.7136092592592592 0.5898875 0.6713203703703703 0.475446875 0.742412037037037
2 0.5439203125 0.3208824074074074 0.5441776041666666 0.36210277777777783 0.6282718749999999 0.3867907407407407 0.7108234375 0.3431296296296296 0.7112093749999999 0.3024407407407408 0.6293005208333333 0.3426722222222222
3 0.544434375 0.3188972222222222 0.629171875 0.2820944444444444 0.710309375 0.30221018518518517 0.62994375 0.3422138888888889
2 0.5350479166666666 0.3584472222222222 0.5351765625 0.3774194444444444 0.5959973958333333 0.4023361111111111 0.5957401041666667 0.4197092592592593 0.615928125 0.42656666666666665 0.7028515624999999 0.38267777777777773 0.7029802083333333 0.34724629629629633 0.6289151041666667 0.38747777777777775 0.6161848958333334 0.38404907407407407
2 0.5956119791666666 0.4235990740740741 0.5953541666666666 0.4661138888888889 0.6152848958333333 0.47297222222222224 0.7083807291666666 0.42725370370370375 0.7086375 0.3865648148148148 0.6146421875 0.43022592592592596
2 0.5953546875 0.46748981481481483 0.594196875 0.5074907407407407 0.6200427083333333 0.5177768518518518 0.7092807291666666 0.46725833333333333 0.7096661458333333 0.42794074074074073 0.619528125 0.4757166666666667
2 0.5940682291666667 0.5106916666666667 0.594196875 0.5372083333333333 0.5920109375 0.539037037037037 0.5917536458333333 0.5497814814814815 0.6201713541666667 0.5634962962962963 0.7112093749999999 0.5106916666666667 0.7115953125 0.47114629629629634 0.6209427083333333 0.5218925925925926
2 0.5916255208333333 0.5554953703703703 0.5916255208333333 0.5817833333333333 0.5927828125 0.5833842592592592 0.5920109375 0.5954990740740741 0.6214567708333333 0.6092148148148148 0.7126239583333334 0.5525240740740741 0.7126239583333334 0.514349074074074 0.6218427083333334 0.5673824074074074
2 0.592396875 0.5984731481481481 0.5922682291666667 0.627962037037037 0.5902109375 0.6291046296296297 0.5900822916666667 0.6393907407407408 0.6165708333333334 0.652649074074074 0.7109520833333334 0.5945870370370371 0.7115953125 0.5561842592592592 0.6214567708333333 0.610588888888889 0.6199140624999999 0.6089888888888889 0.6172135416666666 0.6110462962962963
2 0.5903395833333334 0.6409916666666666 0.5893109375000001 0.6697935185185184 0.5913682291666666 0.6723083333333333 0.5908536458333333 0.6777944444444445 0.6192708333333333 0.6942527777777778 0.7133953125 0.6341333333333333 0.7140380208333333 0.5957305555555555 0.6188854166666666 0.6528777777777778
4 0.71648125 0.6156175925925925 0.7136526041666666 0.6176750000000001 0.7132666666666666 0.6357333333333334 0.6190140625 0.6953962962962963 0.5909822916666666 0.678937037037037 0.5903395833333334 0.7136833333333333 0.4750963541666666 0.7886675925925926 0.30996770833333337 0.6750166666666667 0.30996770833333337 0.6505222222222222 0.22608125 0.692274074074074 0.22843020833333333 0.7874685185185185 0.43651666666666666 0.9561527777777777 0.7522520833333334 0.7206907407407408 0.7546005208333334 0.6318981481481482
6 0.4685453125 0.25806574074074073 0.518759375 0.2701 0.5851473958333333 0.24820092592592594 0.5354973958333333 0.23516203703703703
5 0.46798072916666666 0.25940092592592595 0.4682630208333334 0.2891564814814815 0.5182890625 0.3025305555555556 0.5853354166666667 0.27845833333333336 0.585053125 0.2483675925925926 0.5174427083333334 0.2709351851851852
5 0.464971875 0.28865555555555555 0.46506562500000004 0.3185787037037037 0.5122708333333333 0.3337907407407408 0.5433963541666667 0.32325925925925925 0.5434901041666667 0.3185787037037037 0.5834546875 0.3013601851851852 0.5835489583333333 0.2792935185185185 0.5125531249999999 0.30370092592592596
5 0.46506562500000004 0.31991574074074075 0.46534791666666664 0.35067499999999996 0.5125531249999999 0.36722407407407404 0.543678125 0.35385092592592593 0.543584375 0.324262037037037 0.5120828125 0.3352953703703704
5 0.46515989583333334 0.3516824074074074 0.46515989583333334 0.3812685185185185 0.4791708333333334 0.3859490740740741 0.5118005208333334 0.37458148148148146 0.5207338541666666 0.3719074074074074 0.5348390625 0.377925 0.5344630208333334 0.3592018518518518 0.5113307291666667 0.36822962962962963