3 0.3743012328125 0.5494806046296296 0.3108149604166667 0.554413074074074 0.24532230729166665 0.6161761962962963 0.3653491817708333 0.6023009018518518 0.3727237046875 0.5957443657407407 0.3743012328125 0.5494806046296296
2 0.3112706 0.5524000157407408 0.37377051666666666 0.5492750833333333 0.3729670015625 0.5023064759259259 0.3096153880208333 0.5112338870370371 0.24287826145833333 0.5749235833333333 0.24348649114583332 0.6161213675925926 0.3112706 0.5524000157407408
2 0.3091000708333333 0.5103700546296296 0.3720092557291667 0.5013370601851852 0.3708318442708334 0.4624038037037037 0.3076323125 0.46699670833333334 0.24145634166666669 0.5324186861111112 0.2425525125 0.5730754287037038 0.3091000708333333 0.5103700546296296
2 0.34198853749999997 0.4201007916666667 0.3079386197916667 0.422323875 0.24219198854166668 0.48802918055555555 0.2425497796875 0.5316742101851852 0.30731687239583333 0.4659393166666667 0.37135849322916664 0.46143847685185185 0.3707730026041667 0.44413680092592595 0.3436808489583333 0.44531756111111115 0.34198853749999997 0.4201007916666667
2 0.308019890625 0.420601287962963 0.34305790364583333 0.4186449685185185 0.34283756249999997 0.37493746203703704 0.30712744739583336 0.3776850685185185 0.24218125208333333 0.44639144537037034 0.24258873020833333 0.48736488333333333 0.308019890625 0.420601287962963
2 0.30694139218750005 0.37632688703703704 0.34277337968750005 0.3730408333333333 0.34170023020833334 0.33718858611111113 0.30642804895833337 0.33636492870370366 0.24167591197916666 0.4066660037037037 0.24190589166666668 0.4465184351851852 0.30694139218750005 0.37632688703703704
2 0.30529450052083335 0.3359241231481481 0.34174942552083337 0.3345181351851852 0.3415370880208333 0.2910471462962963 0.304248078125 0.29259758703703703 0.2406856375 0.3649986796296296 0.24025099635416666 0.40587915555555554 0.30529450052083335 0.3359241231481481
2 0.35094415885416663 0.25493474537037036 0.30120782447916666 0.25235608148148153 0.23741813645833335 0.3263059611111111 0.23752621302083332 0.3666959398148148 0.30065130989583333 0.2937750037037037 0.34135152500000004 0.28968782499999995 0.341455778125 0.2679763055555555 0.35133181510416667 0.25812618055555553 0.35094415885416663 0.25493474537037036
6 0.46563317708333335 0.5978283083333333 0.5188374578125 0.554682500925926 0.42658140364583336 0.56550955 0.375692903125 0.6115558222222222 0.46563317708333335 0.5978283083333333
5 0.42630424270833334 0.564579725 0.5193645156250001 0.5521140787037037 0.5172558963541667 0.5188290805555555 0.42545494895833336 0.5285995814814816 0.3742917208333333 0.5739761222222223 0.37452186302083335 0.6098189296296296 0.42630424270833334 0.564579725
5 0.4283515375 0.5270701148148148 0.5187004421875 0.517969262037037 0.5177224723958334 0.4854314601851852 0.42677700625 0.4914244333333333 0.37475270677083333 0.5367752055555556 0.3759937161458333 0.5698255546296297 0.4283515375 0.5270701148148148
5 0.4260204484375 0.49084904351851855 0.5170513729166667 0.4837590148148148 0.516165921875 0.45033279537037035 0.42492920416666663 0.45497956759259256 0.3735804171875 0.5021331842592593 0.37461474791666666 0.5363364935185185 0.4260204484375 0.49084904351851855
5 0.42496588385416667 0.4524254009259259 0.515618690625 0.4486826842592592 0.514612540625 0.4153121287037037 0.42611537187500004 0.4174268601851852 0.37249626302083333 0.46647324629629633 0.37316091458333334 0.5006351481481481 0.42496588385416667 0.4524254009259259
5 0.4250913 0.41620672407407405 0.5136166796875 0.4149256462962963 0.5142109291666667 0.38166277407407406 0.42343078802083334 0.3816583388888889 0.3715685416666667 0.4317978953703704 0.3724187520833333 0.46418272222222223 0.4250913 0.41620672407407405
2 0.42048434479166663 0.3671936055555556 0.5425574682291666 0.3698942601851852 0.5417110520833333 0.326723 0.41923248645833333 0.32293978796296297 0.34318211875 0.3988248962962963 0.34382185520833336 0.44314911759259257 0.42048434479166663 0.3671936055555556
3 0.5137376552083334 0.39671910925925924 0.5423296380208333 0.37042220555555555 0.42028469479166664 0.3685543055555556 0.34552235625 0.4425767805555556 0.370989575 0.4437309546296296 0.37083690781249995 0.43195903333333335 0.42302708541666667 0.380611512037037 0.5128178734375 0.38043744444444444 0.5137376552083334 0.39671910925925924
2 0.41918698958333334 0.3215953314814815 0.5414447859375 0.32611512592592595 0.5397287989583333 0.2863050166666667 0.4179281015625 0.277133775 0.3427241927083333 0.3526285157407407 0.3436134322916667 0.39704956574074074 0.41918698958333334 0.3215953314814815
2 0.4176374583333333 0.27580555925925926 0.5393817958333333 0.2833112944444445 0.5377940598958334 0.24365301851851853 0.4165632130208333 0.23316224351851852 0.34199110729166665 0.3128062574074074 0.343024521875 0.35060488333333334 0.4176374583333333 0.27580555925925926
2 0.41660378281250005 0.2307387175925926 0.5376214125 0.24217357407407408 0.5363335140625 0.2004928074074074 0.4164202848958333 0.18537569444444443 0.34196040833333335 0.2683518648148148 0.34224535572916664 0.3114751787037037 0.41660378281250005 0.2307387175925926
2 0.4160283848958333 0.18469332592592594 0.54314046875 0.20198787037037036 0.5421784223958334 0.1626758111111111 0.4257883328125 0.1427628037037037 0.3510653864583333 0.22522552685185185 0.35153888802083333 0.2573612074074074 0.4160283848958333 0.18469332592592594
1 0.4819452890625 0.6665801435185186 0.56896895 0.6027631296296296 0.463958 0.6190486490740741 0.3763077630208333 0.6861156638888889 0.4819452890625 0.6665801435185186
1 0.5720611510416667 0.6007415842592593 0.669971609375 0.5283089416666666 0.5649702427083334 0.5395146268518518 0.467663190625 0.6148026527777778 0.5720611510416667 0.6007415842592593
0 0.6606731703125 0.347919512037037 0.5557579338541667 0.34766693703703705 0.5434768942708333 0.35502216481481486 0.5442331838541666 0.3701106027777778 0.5147017015625 0.39768653333333337 0.5202233833333333 0.5535958101851851 0.46572349114583333 0.5983958537037037 0.46569674375 0.6157488046296296 0.5627158890625 0.5387586611111111 0.6704232473958334 0.5271498722222222 0.6606731703125 0.347919512037037
0 0.544401978125 0.16456025185185186 0.5457844432291666 0.2017750287037037 0.5379777463541667 0.2106616888888889 0.5434943046874999 0.3519142703703704 0.5552503260416667 0.34718771851851854 0.6604074822916667 0.34732872407407406 0.6521732734375 0.17660663055555556 0.5500304776041667 0.16027301944444444 0.544401978125 0.16456025185185186
0 0.46482435572916664 0.6174115351851851 0.4644462140625 0.5989766842592592 0.3739464989583333 0.6108971435185185 0.3762848671875 0.683620025 0.46482435572916664 0.6174115351851851
4 0.3867508729166667 0 0.18920727604166665 0.24846717129629628 0.19049762447916668 0.3470340037037037 0.23658715 0.3492486157407408 0.2351342296875 0.32644864814814817 0.2996663770833334 0.2491606185185185 0.3499593354166667 0.2547176203703704 0.35030456197916665 0.22463383703703704 0.4237616692708333 0.13912254907407406 0.5406493885416667 0.15856128703703704 0.5438654911458334 0.16294537222222222 0.5478147833333333 0.1587776888888889 0.6506104578124999 0.17473988148148148 0.65485916875 0.21972142962962965 0.7231402614583333 0.16256336851851852 0.718806675 0.07478819722222223 0.4320091151041667 0 0.3867508729166667 0