3 0.5847847630208334 0.38227589722222227 0.47623424531249997 0.39420185185185186 0.4133213666666667 0.4659546 0.5242605677083333 0.4495254888888889 0.5847847630208334 0.38227589722222227
2 0.4945554739583333 0.38917408148148147 0.49019204322916665 0.3513735509259259 0.4681231604166667 0.35406248425925924 0.4066066625 0.4265096740740741 0.4129055286458333 0.46468933611111113 0.47512039739583334 0.3925887777777778 0.4945554739583333 0.38917408148148147
2 0.489212990625 0.3489279962962963 0.48400310572916666 0.31388366203703705 0.4623646984375 0.312550249074074 0.39963316197916665 0.3894763259259259 0.4063316989583334 0.42478435462962966 0.4686875833333334 0.35222462592592596 0.489212990625 0.3489279962962963
2 0.48396887968749996 0.3109808962962963 0.4762359432291667 0.27052629814814816 0.4546694515625 0.27367614629629633 0.39538064791666666 0.3493494824074074 0.40065171770833335 0.3851120138888889 0.46158734375 0.3103640148148148 0.48396887968749996 0.3109808962962963
2 0.47513590729166666 0.26899988888888887 0.4700540729166667 0.23039275092592593 0.450062990625 0.2299843824074074 0.38824275625000004 0.3112811814814815 0.3959761572916667 0.34636268148148147 0.45528847760416663 0.27218435277777775 0.47513590729166666 0.26899988888888887
6 0.48069432760416664 0.47361128148148146 0.3993973776041667 0.4861400962962963 0.3648296114583333 0.5300527046296296 0.4432451328125 0.5152443685185185 0.48069432760416664 0.47361128148148146
5 0.39649413385416665 0.45735710462962964 0.3590941671875 0.5023317037037037 0.36352011510416665 0.5306926074074074 0.4003558015625 0.4857165148148148 0.4805431994791666 0.4720495787037037 0.4787671213541667 0.45736596296296295 0.41171560104166666 0.4685021527777778 0.4098507140625 0.4550291703703704 0.39649413385416665 0.45735710462962964
5 0.40965763385416665 0.45381764444444445 0.40531052760416664 0.4235908277777778 0.3927872703125 0.4264263925925926 0.355459603125 0.47185465092592593 0.35997148020833336 0.5001654462962962 0.39797057812500003 0.4560003166666667 0.40965763385416665 0.45381764444444445
5 0.40433260625 0.42217587962962966 0.3994770109375 0.3940655185185185 0.3881923432291667 0.3970051824074074 0.3515527557291667 0.4420331611111111 0.35568268177083334 0.47089723333333333 0.3923087791666667 0.42637390555555554 0.40433260625 0.42217587962962966
5 0.3983783083333333 0.39189270277777777 0.39600776406250005 0.3658078203703704 0.38411363593750003 0.36728391111111114 0.347763890625 0.41412711759259263 0.35138377552083333 0.4409728546296296 0.3882571921875 0.3956442148148148 0.3983783083333333 0.39189270277777777
5 0.3952775234375 0.3635863805555556 0.392197959375 0.3365918009259259 0.37961877031249996 0.3373085314814815 0.34267712291666663 0.3851589564814815 0.3471783895833333 0.41281388055555557 0.38519449895833335 0.36698416666666667 0.3952775234375 0.3635863805555556
1 0.7027983380208334 0.2760326537037037 0.5895509505208333 0.2815901064814815 0.4969706020833333 0.3887448055555555 0.6112579645833333 0.3766726324074074 0.7027983380208334 0.2760326537037037
0 0.7036708484375 0.2774926398148148 0.6701644557291666 0.09533540462962962 0.5553527645833333 0.0850602824074074 0.46611618072916666 0.20517352037037037 0.4960123213541667 0.3877494675925926 0.5882181833333333 0.28025063518518517 0.7036708484375 0.2774926398148148
4 0.4618122713541667 0 0.2411109015625 0.3307563314814815 0.25361838125 0.4182628490740741 0.3346656947916667 0.4103845074074074 0.34383729166666666 0.39772166666666664 0.3406575760416667 0.38579248425925927 0.3786460640625 0.3346650083333333 0.392742178125 0.3368533861111111 0.3875519515625 0.31231224629629634 0.44904517187500004 0.22835010555555554 0.4700950432291667 0.23013979722222222 0.46480010052083337 0.20594097592592595 0.5542525020833333 0.08317059722222223 0.6716699135416667 0.09374713240740741 0.6807280432291667 0.14557025370370372 0.7532121645833333 0.06296965 0.7412348380208333 0 0.4618122713541667 0