1 0.445928125 0.2793259259259259 0.5588364583333333 0.31608981481481485 0.6463104166666667 0.28524166666666667 0.5319760416666667 0.25228055555555556
1 0.39006822916666667 0.26284537037037037 0.47611614583333334 0.29115833333333335 0.35108541666666665 0.3317259259259259 0.26586458333333335 0.29791944444444446
0 0.26681510416666665 0.2974962962962963 0.27085624999999997 0.4914611111111111 0.35547812500000003 0.5341416666666667 0.47789427083333336 0.4821648148148149 0.47670572916666665 0.2920027777777778 0.3509614583333333 0.3329935185185185
0 0.2722822916666667 0.49526481481481477 0.2758479166666667 0.6731703703703704 0.3599942708333333 0.7327546296296297 0.3825760416666667 0.7158509259259259 0.381625 0.6740157407407408 0.38875625 0.6685222222222222 0.38637916666666666 0.5975287037037037 0.3766333333333333 0.5903453703703704 0.3763958333333333 0.5442833333333333 0.4586401041666667 0.5041388888888889 0.47670572916666665 0.5168157407407407 0.47646822916666665 0.48300925925925925 0.3550026041666667 0.5362546296296296
0 0.47741875 0.29115833333333335 0.47813177083333336 0.47793888888888886 0.5579994791666666 0.5134351851851852 0.6449984375 0.4703324074074074 0.6471374999999999 0.2843962962962963 0.5591880208333334 0.31904814814814814
0 0.47836979166666665 0.48005185185185184 0.47813177083333336 0.5159703703703704 0.5720239583333334 0.5616092592592593 0.572975 0.5992194444444445 0.5810567708333333 0.600487037037037 0.5815322916666666 0.6892287037037037 0.6445229166666666 0.6533092592592592 0.6473755208333334 0.47328981481481486 0.5579994791666666 0.5163935185185186
3 0.37853489583333333 0.5459740740740742 0.49096770833333336 0.6102064814814815 0.5717864583333333 0.5633 0.4572140625 0.506674074074074
2 0.37853489583333333 0.5459740740740742 0.37805937500000003 0.5907675925925926 0.49120520833333337 0.6545768518518519 0.5717864583333333 0.6072481481481481 0.5717864583333333 0.5658351851851852 0.4907302083333333 0.6106287037037037
2 0.3873296875 0.5975287037037037 0.3878052083333333 0.6288 0.5023776041666667 0.696412962962963 0.5796302083333333 0.6469703703703703 0.5801057291666667 0.6038675925925926 0.4907302083333333 0.6562675925925926
2 0.38875625 0.6304898148148148 0.38875625 0.6727481481481481 0.5038036458333334 0.7412064814814815 0.5805812499999999 0.6900740740740741 0.5805812499999999 0.6478157407407407 0.5014265625000001 0.6993703703703704
2 0.38186302083333334 0.6765518518518518 0.3825760416666667 0.7213453703703704 0.495721875 0.7919157407407408 0.5755895833333333 0.7369805555555555 0.5744010416666666 0.6955675925925926 0.4952463541666667 0.7492351851851852
3 0.6466625 0.5273805555555556 0.6697192708333334 0.539212962962963 0.7309416666666666 0.5075194444444444 0.64513125 0.47075462962962966 0.6482213541666667 0.473712962962963
2 0.6470333333333333 0.5316064814814815 0.6717541666666667 0.5404805555555556 0.7316546875000001 0.508363888888889 0.7307041666666667 0.5472416666666666 0.6698526041666667 0.580625925925926 0.6453692708333333 0.5687935185185186
2 0.6455744791666667 0.5710361111111112 0.6692671874999999 0.5806638888888889 0.7296276041666666 0.5475685185185185 0.7296276041666666 0.584675 0.668590625 0.6207787037037037 0.6454614583333333 0.6095462962962962
2 0.6454614583333333 0.61095 0.6448973958333333 0.6508648148148148 0.6676880208333333 0.6620972222222222 0.7286125 0.6229851851851852 0.7292895833333334 0.5854777777777778 0.6681390625 0.6219824074074074
4 0.6452359375000001 0.6506638888888888 0.6681390625 0.6628990740740741 0.7301921875 0.6207787037037037 0.7548999999999999 0.6326120370370371 0.7524182291666667 0.7212666666666666 0.43721614583333335 0.9554472222222222 0.2262546875 0.7892148148148148 0.2262546875 0.6903037037037038 0.273153125 0.6659648148148147 0.27490052083333333 0.6758037037037038 0.35762864583333337 0.7322500000000001 0.3812234375 0.7203398148148148 0.49424583333333333 0.7949111111111111 0.5778473958333333 0.7363935185185184 0.5772645833333333 0.6934111111111111