6 0.2862354166666667 0.5509824074074074 0.3322677083333333 0.5791666666666667 0.4234640625 0.5366972222222223 0.37591197916666663 0.5112157407407408
6 0.3376703125 0.5808138888888889 0.38785416666666667 0.6112120370370371 0.47818177083333335 0.5652675925925926 0.42780677083333335 0.5366972222222223
3 0.39042083333333333 0.500349074074074 0.49815833333333337 0.5536851851851852 0.5713322916666667 0.5177787037037037 0.4636338541666667 0.46797407407407404
5 0.286221875 0.5518694444444444 0.2862354166666667 0.5845722222222222 0.3340052083333333 0.6135287037037037 0.3368276041666666 0.6100537037037037 0.3361765625 0.5791666666666667 0.3316166666666666 0.5795527777777778
5 0.28719895833333337 0.5860231481481482 0.2886239583333333 0.6208638888888889 0.33465625 0.648275925925926 0.33747916666666666 0.6471175925925925 0.33639322916666664 0.6135287037037037 0.33248489583333335 0.6131425925925925
5 0.2886239583333333 0.6231805555555555 0.28884114583333337 0.6548398148148148 0.33552499999999996 0.6834101851851851 0.33856458333333334 0.682637962962963 0.33769635416666666 0.6498203703703704 0.3348734375 0.6498203703703704
5 0.28882708333333335 0.6560685185185184 0.28949270833333335 0.6893777777777778 0.3370447916666667 0.7194925925925926 0.3394333333333333 0.7171759259259259 0.33856458333333334 0.683587037037037 0.3348734375 0.6855166666666667
5 0.29012916666666666 0.6931166666666667 0.29057812499999996 0.721037037037037 0.3370447916666667 0.7538546296296297 0.340953125 0.751924074074074 0.3394333333333333 0.7194925925925926 0.335959375 0.7194925925925926
5 0.3368276041666666 0.5828185185185185 0.3368276041666666 0.614862962962963 0.38807135416666666 0.6469083333333333 0.47970208333333336 0.5994194444444445 0.4792677083333333 0.5662166666666667 0.38785416666666667 0.611775
5 0.3383479166666667 0.618337962962963 0.33878177083333333 0.6507694444444445 0.38872291666666664 0.6824287037037037 0.47991927083333336 0.6333953703703704 0.47991927083333336 0.6001916666666667 0.38894010416666663 0.6480666666666667
5 0.33832135416666664 0.6525953703703704 0.3392161458333333 0.6870611111111111 0.38915677083333333 0.7187203703703703 0.47991927083333336 0.669687962962963 0.4801359375 0.6360981481481481 0.38828854166666665 0.6855166666666667
5 0.3396239583333333 0.6879074074074074 0.34051875000000004 0.7231111111111111 0.391328125 0.7563148148148149 0.4801359375 0.7041925925925926 0.480353125 0.6698314814814815 0.3895911458333333 0.722725
5 0.3409265625 0.7249555555555556 0.3416046875 0.7567009259259259 0.39089427083333333 0.7937648148148148 0.4807875 0.7373962962962963 0.480353125 0.7068953703703704 0.39002552083333336 0.7594037037037037
2 0.39002552083333336 0.50195 0.3893739583333333 0.5177787037037037 0.4801359375 0.5644953703703703 0.480353125 0.5892046296296296 0.49685572916666665 0.5961546296296296 0.5700296875 0.5579324074074075 0.5708984375 0.5189370370370371 0.49707239583333335 0.5548435185185185
2 0.481221875 0.5922935185185185 0.4807875 0.6339907407407408 0.4959869791666666 0.6417129629629629 0.570246875 0.600787962962963 0.5704640624999999 0.5610203703703704 0.49533541666666664 0.6000157407407408
2 0.48094427083333335 0.6369657407407407 0.4807875 0.679162962962963 0.4979411458333333 0.6864990740740741 0.5704640624999999 0.6440296296296296 0.5700296875 0.603875925925926 0.49620416666666667 0.6463453703703703
2 0.48126979166666667 0.6815398148148148 0.48165625 0.7231444444444445 0.49642135416666666 0.7300935185185184 0.57068125 0.6833768518518519 0.5700296875 0.6459268518518518 0.49642135416666666 0.6876240740740741
0 0.4846958333333333 0.44136666666666663 0.48404479166666664 0.47495648148148145 0.5722010416666666 0.5151092592592592 0.5713322916666667 0.6598916666666667 0.5932630208333334 0.6703157407407407 0.6729614583333333 0.6220546296296295 0.6760015625 0.44986111111111116 0.5934906249999999 0.4888555555555556
1 0.48401145833333337 0.438987037037037 0.5659145833333333 0.40546111111111116 0.674915625 0.4471583333333333 0.5937078125 0.486925
4 0.6732375 0.5946787037037038 0.7542625 0.6328481481481482 0.7516859375 0.7203962962962963 0.43599739583333336 0.955061111111111 0.22876197916666668 0.7867407407407407 0.2263859375 0.6938805555555555 0.2883723958333333 0.6618361111111112 0.2899567708333333 0.7216990740740741 0.3911557291666667 0.7959999999999999 0.48228333333333334 0.73825 0.48228333333333334 0.7245166666666666 0.49594791666666665 0.7326157407407408 0.5715447916666666 0.6836685185185185 0.5709510416666668 0.662187962962963 0.5935276041666667 0.6724 0.6734234375 0.6216925925925926