1 0.295415625 0.28742222222222225 0.3794666666666667 0.3173074074074074 0.49911614583333336 0.2803907407407407 0.413334375 0.2518240740740741
1 0.42198697916666666 0.2518240740740741 0.5060380208333333 0.27819351851851853 0.6039328125 0.24479259259259256 0.5216125 0.22413703703703705
1 0.316428125 0.3423574074074074 0.4360776041666667 0.3907009259259259 0.5458385416666667 0.35026851851851853 0.42618958333333334 0.3089574074074074
1 0.4336057291666667 0.3067592592592593 0.5522661458333334 0.3471925925925926 0.6474421874999999 0.3133518518518519 0.5295229166666666 0.27599537037037036
1 0.5369390625 0.2755564814814815 0.619621875 0.24817777777777777 0.7386322916666667 0.2801462962962963 0.6572328125 0.3113814814814815
0 0.6494088541666667 0.3108935185185185 0.6470755208333333 0.5046537037037037 0.654625 0.5078259259259259 0.7341026041666667 0.46731666666666666 0.7389067708333333 0.28136666666666665 0.6573703125 0.3116259259259259
0 0.6468005208333333 0.5070935185185185 0.6433692708333333 0.6927805555555555 0.6524286458333334 0.6964416666666667 0.7308078125 0.6437305555555556 0.7353380208333333 0.46754166666666663 0.6548994791666666 0.5087824074074074
0 0.6447416666666667 0.5129305555555556 0.6424083333333334 0.7035185185185184 0.5500276041666667 0.7635685185185185 0.5465958333333333 0.7601527777777778 0.5470078125000001 0.5578518518518518 0.5524984375 0.5610240740740741
0 0.5475567708333333 0.34676666666666667 0.5467333333333334 0.5573638888888889 0.5522239583333334 0.5593157407407408 0.6461145833333333 0.5100222222222222 0.6488598958333333 0.31260185185185185 0.553459375 0.34847407407407405
0 0.5471453125 0.3509148148148148 0.546046875 0.562 0.437359375 0.6191037037037036 0.3200015625 0.552238888888889 0.31629531250000004 0.3418851851851852 0.4358546875 0.3914240740740741
0 0.32041354166666663 0.5551675925925926 0.32480572916666667 0.7545398148148148 0.44065885416666667 0.8367777777777778 0.5464916666666666 0.7672296296296296 0.5466291666666667 0.5639527777777777 0.43818854166666665 0.6198351851851852
0 0.2947447916666667 0.28649074074074077 0.3795755208333333 0.3179703703703704 0.37861458333333337 0.321875 0.315609375 0.3421296296296296 0.3180796875 0.484399074074074 0.2980390625 0.47292962962962964
0 0.29982343749999996 0.4743935185185185 0.30366666666666664 0.6559518518518519 0.32247239583333337 0.6676657407407407 0.3183546875 0.48464259259259257
4 0.30208697916666666 0.6551157407407407 0.32235416666666666 0.6675314814814814 0.3242713541666667 0.7539546296296296 0.44039531249999997 0.8377009259259259 0.5467833333333334 0.7675879629629629 0.546509375 0.7610148148148148 0.5515760416666667 0.7636925925925926 0.6434677083333333 0.703075 0.64319375 0.69285 0.6525057291666666 0.696987962962963 0.7311880208333333 0.6437074074074074 0.7314614583333333 0.6215537037037038 0.7537828125 0.6334824074074074 0.7521588541666666 0.7216101851851853 0.43598333333333333 0.9562592592592593 0.22812083333333336 0.7879787037037037 0.22634062500000002 0.6913305555555554